% Positions
% id = identity for triangularisation
% chan = output audio channel
%
% cartesians
% (0,0,0) is at the centre of the Audio Lab: 1.95m and 2.35m from the inside bounding surfaces of the frame, and 1.22m from the floor.
% id	chan 	x(m)	y(m)	z(m)

c 1 1 -1.69788669 1.69788669 -0.97013743
c 2 2 1.69788669 1.69788669 -0.97013743
c 3 3 1.69788669 -1.69788669 -0.97013743
c 4 4 -1.69788669 -1.69788669 -0.97013743
c 5 5 -2.12565491 2.12565491 0.00000000
c 6 6 -1.18600500 2.05422092 0.00000000
c 7 7 -0.00000000 1.99400000 0.00000000
c 8 8 1.18600500 2.05422092 0.00000000
c 9 9 2.12565491 2.12565491 0.00000000
c 10 10 2.34421818 1.35343500 0.00000000
c 11 11 2.28400000 0.00000000 0.00000000
c 12 12 2.31110822 -0.84117460 0.00000000
c 13 13 2.12565491 -2.12565491 0.00000000
c 14 14 0.00000000 -1.99400000 0.00000000
c 15 15 -2.12565491 -2.12565491 0.00000000
c 16 16 -2.31110822 -0.84117460 0.00000000
c 17 17 -2.28400000 0.00000000 0.00000000
c 18 18 -2.34421818 1.35343500 0.00000000
c 19 19 -1.03475676 1.03475676 1.22791074
c 20 20 -0.73168352 1.26731303 1.22791074
c 21 21 -0.00000000 1.46336704 1.22791074
c 22 22 0.73168352 1.26731303 1.22791074
c 23 23 1.03475676 1.03475676 1.22791074
c 24 24 1.43178303 0.00000000 1.20140861
c 25 25 1.37511521 -0.50050100 1.22791074
c 26 26 1.03475676 -1.03475676 1.22791074
c 27 27 0.00000000 -1.46336704 1.22791074
c 28 28 -1.03475676 -1.03475676 1.22791074
c 29 29 -1.37511521 -0.50050100 1.22791074
c 30 30 -1.43178303 0.00000000 1.20140861
c 31 31 -0.00000000 0.00000000 1.29700000
c 32 0 0.00000000 -1.00000000 -0.00000000

t 1 1 2 4
t 2 1 2 7
t 3 1 2 17
t 4 1 4 17
t 5 1 5 6
t 6 1 5 18
t 7 1 6 7
t 8 1 17 18
t 9 2 3 4
t 10 2 3 11
t 11 2 3 14
t 12 2 7 8
t 13 2 8 9
t 14 2 9 10
t 15 2 10 11
t 16 3 4 17
t 17 3 11 12
t 18 3 12 13
t 19 3 13 26
t 20 3 13 31
t 21 3 14 32
t 22 4 14 32
t 23 4 15 16
t 24 4 15 28
t 25 4 15 31
t 26 4 16 17
t 27 5 6 19
t 28 5 18 19
t 29 5 19 31
t 30 6 7 21
t 31 6 19 20
t 32 6 20 21
t 33 7 8 21
t 34 8 9 23
t 35 8 21 22
t 36 8 22 23
t 37 9 10 23
t 38 9 23 31
t 39 10 11 24
t 40 10 23 24
t 41 11 12 24
t 42 11 24 31
t 43 12 13 26
t 44 12 24 25
t 45 12 25 26
t 46 13 26 31
t 47 14 26 32
t 48 14 27 31
t 49 14 27 32
t 50 14 28 32
t 51 15 16 28
t 52 15 28 31
t 53 16 17 30
t 54 16 28 29
t 55 16 29 30
t 56 17 18 30
t 57 17 30 31
t 58 18 19 30
t 59 19 20 21
t 60 19 21 31
t 61 19 30 31
t 62 21 22 23
t 63 21 23 31
t 64 23 24 31
t 65 24 25 26
t 66 24 26 31
t 67 26 27 31
t 68 27 28 31
t 69 27 31 32
t 70 28 29 30
t 71 28 30 31
