-8.789377
-5.725938
-23.860949
-8.689262
-5.680513
-9.936529
-8.659103
-9.398719
-10.326901
-11.299403
0.000000
-23.934765
-9.398717
0.000000
-23.013158
-5.908930
-27.986936
-0.000000
-2.068581
-1.988597
-23.301071
-11.299401
-11.430053
-14.006820
0.250476
-0.000000
-11.114504
-0.000001
-9.347957
-6.562487
-11.953982
-5.556835
-9.511499
-6.539046
-7.669227
-9.936531
-7.523652
5.178664
-0.000002
-16.516587
-8.113137
-14.469034
-2.738490
-8.789376
-5.970141
-8.346367
-11.592065
-0.983538
-1.000001
-19.809978
-10.921769
-0.935958
-11.590287
-0.000000
-8.854816
-7.690258
-3.794135
-13.417356
-9.838964
-11.696169
-9.363359
-5.736411
3.707693
-11.110875
-8.144124
-8.689258
-14.141949
-2.024300
-4.081181
-10.778285
-8.689260
-8.018098
-8.018097
-4.025788
-2.804232
-8.638985
-8.282169
-2.738495
-8.018099
-7.199881
2.679499
0.500476
-6.259926
-11.548648
-10.742973
-10.398712
-10.398712
-9.425645
-11.430053
0.300992
-10.781766
-0.977226
-11.430054
-11.082759
-11.082759
-3.879455
-26.773321
-8.789382
-25.916668
0.000001
-7.619070
-6.025146
-9.347960
0.000002
-10.781766
-0.000001
-8.113138
-0.000001
-8.113137
-2.599742
-6.562258
-9.398717
-28.112148
-5.736857
-26.590558
-5.718800
-9.398718
-13.691350
-26.371456
-11.299400
-11.560705
-0.000001
-11.517544
-24.461834
0.000002
-9.368252
-0.000002
3.440918
-0.583693
-11.430051
-11.299400
-11.473715
-11.430054
0.000000
-10.781766
-7.433024
1.992392
0.125179
-22.467654
-0.000001
-11.473714
2.534843
0.000001
-10.398714
-13.198254
-0.633524
-10.398714
-12.375322
-1.154702
4.031824
-11.473714
-12.024573
-10.781766
1.998099
-11.299404
-11.419175
-11.419007
0.000001
-11.299401
-0.346941
-11.299401
-10.781766
3.924242
-12.105612
-12.621774
-2.023127
-11.473715
-1.980858
-11.430054
-0.992389
-11.430053
-3.924239
-1.401949
-7.913762
-6.990913
0.082508
-11.430053
-0.000003
0.000002
-9.713803
4.868491
-5.410399
-11.082756
-6.910740
-10.788082
-7.375163
-10.511781
-5.934015
-11.825053
-8.113138
-6.544970
-8.789377
-10.501536
-12.425715
-8.967590
-3.791744
-2.923806
-2.932017
-8.789372
-10.339650
-6.469101
-12.080785
-8.835378
-5.638467
-4.707124
-8.256070
-4.724989
-10.742972
-5.410400
-11.944542
-10.742970
-11.587519
-10.136366
-4.992973
-10.353765
2.488232
-12.201743
-14.853663
-8.789383
-7.676896
-4.724987
4.946146
1.664477
-11.429575
-9.763845
-2.489399
-2.738496
-3.399877
-7.375163
-16.388245
-7.288767
-8.755879
-8.789372
-6.039084
-7.288767
-2.489401
-8.555806
0.000002
-10.883085
-9.316367
-5.132220
-11.557248
-5.614618
-9.822949
-2.932016
-13.286304
-14.418105
-2.965757
-1.661291
-9.662083
-12.172891
-7.661298
-17.973086
-3.543673
-15.558657
-22.116831
-5.377406
-15.448339
-4.849001
-9.936528
-12.721037
-11.939801
-3.589640
-1.154701
-4.812097
-12.975263
-4.992972
-13.855610
-5.746198
-10.948090
-3.984781
-11.082756
-10.781763
-8.136381
-9.243131
-3.572894
-7.957810
-8.024971
-11.082757
-8.587207
-3.418075
-11.282579
2.478355
-7.475817
-6.895535
-8.044855
-9.297653
-8.789379
-8.789377
-9.003409
-3.361999
-8.295978
2.613481
-1.535326
-15.072090
-10.682414
-8.884051
-9.706373
-8.113142
-13.468988
-7.960592
-11.895315
-5.019271
-0.000000
-35.665691
-8.737641
-3.584068
-8.455584
4.286529
-11.551761
0.355994
-9.832372
1.969616
0.712435
-0.681570
-4.759094
-3.292004
-2.815042
1.969616
1.969616
-10.911789
-11.229234
-7.578178
-7.337600
-12.198904
4.950053
-4.480233
-5.925873
-9.398716
-13.198253
-8.689262
-4.420118
-8.689259
-5.244199
-9.530442
2.524861
-8.990890
-2.220612
2.679498
-3.659734
-8.568175
-1.677343
-9.238840
-3.169278
-9.044737
-9.428710
-16.417382
2.276889
-10.025016
-8.299869
2.679498
-4.974058
1.709469
-11.082756
-11.051965
-7.427495
0.300992
-3.984778
-11.299399
-1.743461
-11.299400
0.216646
-12.555215
-12.935274
-10.030569
-10.398710
-22.925598
-6.329922
0.216647
-1.992390
-1.000001
0.000000
5.736861
-2.460719
-2.277025
4.882945
4.848997
-11.556735
-9.936530
5.736857
0.000000
-5.720477
-11.473714
-5.020056
-10.765548
-10.781766
-11.125095
-3.984781
-10.948091
-11.299403
-3.924243
-11.082759
-0.000000
-6.581050
0.609342
-8.822946
-11.299397
-8.113142
0.676233
-11.430051
-14.189122
-4.724991
-11.867148
-20.554499
-22.925588
-2.812688
-20.823756
-5.473248
9.936524
-11.882743
-5.046184
0.000003
-5.308518
0.000004
-24.237560
-4.725016
-23.053605
-5.146458
-13.218154
3.067084
-7.375164
-14.839109
-9.460887
-13.425497
-23.190800
-0.994293
0.000000
-23.013129
-0.043471
0.000000
-23.565729
1.194449
-10.781766
-11.082756
-2.963964
-11.299400
-22.991133
-1.000000
-23.034698
-2.935753
-11.082757
-23.403595
-24.188177
-3.097949
-3.901844
-10.030567
-10.765538
-7.884824
-0.000003
0.000002
-11.473714
-11.299403
-10.630697
-11.430056
-2.885199
-2.851659
-10.398711
-4.439402
-9.936529
-11.304440
-3.716865
-22.925721
-24.417207
-27.134628
2.195159
-9.936527
-9.398723
-10.781766
-1.899790
-0.666545
-8.113139
-7.790873
-6.854305
-12.571372
2.096378
-6.985422
0.000001
-28.907649
-28.907649
-5.573777
-25.844693
-25.844692
-1.103378
-4.849002
-26.446990
-4.799082
-10.398713
-10.398713
-4.121846
-24.574620
-10.781766
-0.082516
-11.299400
-11.299400
-11.051964
0.259066
0.064798
-5.556815
-11.082757
-2.954699
0.000007
-10.781766
-10.781766
-10.398712
-23.711858
0.000001
2.024886
-11.563603
-11.082757
-0.924759
0.000003
-0.887856
-11.299399
4.939404
-11.299403
1.149908
-0.000002
-1.901985
-11.082759
-10.001909
-0.000004
-11.473714
0.000000
-0.000000
-11.473714
-11.473714
-0.000000
-11.125092
-0.000000
-2.980959
-0.977226
-11.430051
1.000000
-11.473715
-11.430051
-0.000000
-5.753289
-9.936531
-11.299403
-11.473715
-5.540906
-9.838966
-11.696174
-1.992390
-0.996195
-0.988571
-11.430051
-23.013163
-0.000002
-5.736857
-11.299404
-0.996195
-11.430051
-0.939692
-11.114504
2.969617
-0.000000
-25.295555
-10.781759
0.000001
-23.171713
-3.025042
0.382684
-22.144418
0.195136
-11.430052
-11.430052
-4.962005
0.237744
-0.000001
-12.659845
-0.000001
-12.659845
-9.936528
-11.299402
-9.964990
-7.471537
-3.074373
-11.253729
-11.021285
-4.587608
-5.410402
-2.024881
-11.563586
-0.518132
-11.473713
-11.299400
-11.694361
-11.517544
-0.000001
-1.000000
-11.650717
-2.935089
-10.334310
-9.693492
-9.325637
-11.299403
-4.260281
3.361996
-12.077296
-11.934774
-6.150142
3.618170
-7.288767
-9.265434
-7.288765
-11.419174
-8.136381
-5.720473
-4.011578
4.946141
-4.992968
-7.353340
-3.279063
-9.686907
-6.595755
-8.595749
-14.839126
-4.972997
-9.936528
-9.904321
-18.718659
-9.398715
-9.936528
-6.475608
-4.636385
-10.648188
-4.233682
-9.003413
-1.232870
-4.708485
-10.372862
-6.464569
-8.052308
-7.227331
-6.581050
-0.000000
-6.581053
-11.743311
-9.487067
-9.024413
-1.460725
-5.644702
-8.163419
-32.229813
-4.810561
-11.232894
-8.538434
-5.706734
-12.123158
-7.288769
-2.489401
-14.284650
-6.957655
-18.000137
-8.899652
-7.060063
3.325796
-5.329074
-9.887552
-4.992965
-4.187904
-0.000001
-10.309122
-10.370342
-11.789046
5.178660
-5.736853
-22.947435
-7.104392
-8.427929
-0.000000
1.577740
-9.445910
-10.373886
-4.759093
0.976956
-13.665940
-8.362841
-3.890435
-4.863818
-11.200067
-4.754439
-8.144131
-4.330258
-15.839293
-3.924243
-14.682619
-3.924243
-8.134192
-7.488936
-1.582175
-9.099428
-11.299399
-20.017300
-14.189129
-4.724988
-26.472193
-9.936526
-0.000000
-5.762657
0.000000
-26.472193
-4.203359
-4.398877
-10.516447
-11.082756
-0.000000
-11.473714
-8.814549
-11.419174
-11.299401
-6.325728
-11.082759
-8.977638
-6.142431
-7.092510
-9.243130
-8.499393
-11.973455
6.064451
-7.661312
-7.661313
-7.104391
-9.763344
-5.761060
-16.417386
5.678866
-2.208853
-12.301793
-10.857640
-9.262920
4.260282
-8.101371
-7.065876
0.481003
-8.689258
4.626186
3.966449
-8.789377
-7.423947
-10.670044
-4.025990
-12.371278
-7.102984
-10.347462
-10.353765
-11.389086
-8.843739
-3.421572
-3.748506
-13.193709
-8.244855
-7.520704
-8.018100
-3.596048
2.002339
-5.471790
-0.000002
-9.398714
-4.450329
-10.511809
-9.398714
-9.398714
-3.937653
-0.000000
-11.813227
-8.689259
-7.392521
2.902847
-8.113139
-3.865283
-11.423296
-9.398713
3.618169
-17.439576
-10.398716
2.068970
0.454020
-10.726027
-5.529291
-11.410493
4.569473
2.298018
-7.627734
-22.250181
-5.671282
-0.000000
3.793043
-1.232863
3.232714
-9.521235
6.064451
-4.564470
-13.907478
-10.812467
-7.640891
-5.671282
-29.927234
-0.000002
-29.927234
-0.000003
-8.939669
-0.874581
-9.131023
-13.358544
-9.398716
-12.635516
-10.382520
6.563534
2.902834
-8.018097
-9.598477
-7.375166
-11.145018
5.991741
-3.449166
-11.878365
0.576090
-10.834712
-8.789372
-0.000001
-5.930800
3.359416
2.902836
-3.966449
-13.665947
-5.736851
0.000000
0.712434
-0.000001
-10.781770
-9.861300
-9.222385
-0.000000
-1.000000
-10.334309
-9.021045
-5.484868
-6.800011
-11.299400
-11.299400
-5.556814
-18.718659
-13.747636
-9.368251
-3.578462
-12.351706
-10.398712
-17.327855
-9.973453
-16.052674
-5.432836
-3.592757
-10.781765
-13.029350
-10.210228
-5.030856
-3.441306
-10.781765
-21.640316
0.086989
-0.086989
0.979824
-1.003821
-11.473700
-1.003821
0.000001
-11.517528
-10.210238
-4.322911
-4.844714
-10.855393
0.250475
-4.844717
2.426809
-11.430051
-8.113142
-0.766045
-0.000001
0.000001
5.720467
-9.425645
-11.473714
-0.000000
-5.720467
-9.425645
-10.398718
-4.667972
-5.534630
-0.906307
-11.430051
-4.458536
-0.939693
-10.781765
-11.430051
-9.243132
-7.092509
-11.299403
-11.299403
-11.735337
1.995249
-11.867160
0.000001
-0.000001
-11.125091
-11.473714
-11.473713
-11.473716
-11.473714
-0.000001
-11.473713
-0.431643
-0.260308
-11.320158
-2.277026
-11.082759
0.462189
0.383048
-11.430052
-11.430052
-0.000000
-9.936529
-5.758766
-11.473714
-10.089816
-10.089817
-5.758767
-11.358571
-3.984781
-3.984782
-9.398716
-27.561789
-8.789378
-27.033338
-22.467654
-11.299399
-5.038553
-23.171713
-1.954572
-11.082757
-11.082757
-21.864523
-4.314227
4.946115
-4.576177
-4.771159
-0.000003
-19.810388
10.190668
-23.480991
-4.349974
0.000003
2.938533
0.000003
-6.257158
-28.078123
-24.237560
-8.739079
-22.925718
0.000002
-22.925463
-22.467783
-22.925717
-11.430051
-11.473714
-11.473714
-11.430053
-18.468552
0.000003
-0.000003
-10.781767
-3.916770
-25.528226
-5.027617
-23.190669
-0.998096
-1.981019
-11.299400
-22.816265
-11.299399
-22.513115
-3.097950
-1.969669
-2.005729
-22.816278
-22.816265
-22.729448
-23.171713
-12.270279
-11.920643
-0.000000
-20.777644
-11.473715
-20.777644
-20.412915
-10.626293
-3.984778
-16.272745
-20.412915
-10.626293
-11.462786
-19.929959
-11.473715
-0.000001
-19.929959
-11.462786
-6.543390
-8.564581
-7.427817
0.000004
-16.420501
7.794960
-14.963616
-8.113137
-32.144136
-39.362518
0.000001
-8.789383
-13.900121
-6.393976
-9.398717
-0.768041
-27.129050
-1.787344
-11.299400
-0.000005
-2.604162
0.000003
-11.082756
-21.510715
-2.664002
5.575919
-11.717412
-10.781764
-21.970685
-10.002362
-11.082757
-4.656391
-4.592761
-10.398711
-24.124698
-2.963963
-2.952669
-23.644137
-0.000001
-11.082756
-26.070166
0.000003
-4.757604
-10.398711
-12.024575
-24.763947
-0.577770
-26.054090
-25.199473
-24.621153
-10.398714
-24.652004
-6.312760
-26.006320
-6.135056
-9.398717
0.000002
-9.347963
3.399869
1.508282
-10.742970
-11.824994
-11.188558
-8.284173
-11.430053
-0.000001
-0.000003
-11.430053
-11.299400
-11.299402
-11.331144
-11.299401
7.306793
-12.351716
4.175639
-11.430047
-8.902958
-0.806636
-11.430053
-0.000000
-11.473715
-11.473715
5.736858
-0.000000
2.980959
-11.125090
-11.473714
0.000000
-11.473714
-11.430055
-11.125091
-8.054343
-11.082758
-0.260787
-11.299400
0.000000
-11.082758
-4.848999
-5.204311
-11.969283
-11.280631
-11.229418
-6.496266
-4.398872
-10.854041
2.909910
-8.654823
-1.947015
-11.556735
-2.969616
-11.082759
-11.082759
-0.992389
-11.473715
-10.398718
-0.000000
-3.243979
-11.299403
-8.024971
-8.136380
-8.113120
1.963986
1.660038
0.512707
1.686125
1.704925
2.515026
-12.436344
-11.430051
-11.592821
-11.320157
-1.992389
-1.992389
0.000003
-10.398720
-9.511962
-5.105645
0.000000
-10.781760
-0.000000
-0.303165
-22.816154
-2.068581
-11.473716
-11.299401
-0.174133
5.157262
-10.536322
-11.051963
-9.919825
-11.051965
-10.974064
-10.781768
-12.667932
-10.781767
-11.299400
-1.143876
-11.299400
-11.299403
-2.961135
-11.051964
-11.693496
-11.473717
-0.000001
-5.556847
-11.514197
-1.950592
-10.742970
-5.222003
-3.758915
-11.710712
-0.917275
-0.954625
-11.430053
0.000002
-6.956746
-11.430052
0.000000
-1.633624
-0.000003
-11.082758
-11.299401
6.325729
-9.986471
-3.087967
-10.704381
0.000007
-8.427907
-6.506089
-4.437003
-8.052308
-9.398716
-6.515856
-5.704790
-9.398716
-27.149126
0.000000
-4.849000
-4.849001
-8.134196
-22.493386
-9.749236
-5.705872
-4.801390
-18.492482
0.000000
-14.382024
-8.967590
-4.371053
-13.332831
-4.690554
-9.110211
-4.077292
-3.322724
-7.124168
-8.443249
-7.730378
-6.025149
-9.398717
-11.187632
-9.347961
-15.023798
-5.862037
-28.254366
-12.269147
-22.947354
-22.947354
-0.000000
-10.781771
-10.825341
-11.082756
-19.396864
-19.355364
-14.851900
-11.430054
-0.794108
-13.614342
-11.639617
-18.896115
-13.363040
-8.689263
-5.471776
-11.302908
-4.420106
-4.844714
-11.280640
-10.742971
-10.210238
-1.768954
-11.299399
-1.681965
-11.358571
-11.931061
-10.781767
-6.496250
-10.781766
-8.245970
-11.299404
-9.936531
3.308475
-9.838965
-13.548363
2.790292
-3.393906
0.643399
-6.325730
-11.419174
0.574123
-8.669015
-11.419174
-9.398718
-5.670739
-12.161163
-9.502341
-4.364194
-10.658108
-11.858234
-0.888839
1.732051
-10.157834
-14.284574
-0.000001
-3.709505
3.105089
-5.925860
-8.689262
5.178630
-2.069693
5.449376
-9.148955
-5.930798
2.258982
-10.497708
-4.100553
-7.705095
-7.417773
-10.613080
-22.947434
0.000000
-9.936522
-0.000000
5.258955
-6.917435
-12.794817
-3.125946
-9.265434
-2.504716
-6.570707
-9.024411
4.886256
-2.224028
-12.077793
-8.233135
-8.638985
-11.816875
-11.302815
-9.222386
-5.091944
-14.469034
2.554264
-9.887146
-14.008594
-18.110978
-5.471775
-2.524863
3.105097
-8.789377
-7.722169
-12.130260
-3.041686
-3.699656
-16.510590
-2.258986
-9.238840
4.868489
-10.478931
-10.911785
0.000000
-5.411475
-3.791744
-0.801767
-4.777845
-9.483055
0.799756
-3.689229
-2.747663
-10.742973
-7.638983
-10.742971
1.819905
2.117675
-9.975566
-10.398712
-15.491171
-3.782560
-23.476803
-19.216612
-9.936530
-9.118173
-11.374894
-25.570163
-4.711160
-8.344226
-10.398710
-22.925588
-25.386533
-10.398712
-4.349973
-16.573471
-9.936527
-25.813990
-10.398710
-10.398706
0.260308
-5.563685
-0.111684
-0.000000
-12.550463
0.210794
-12.091833
4.918820
-3.572019
-12.436344
-0.425065
-10.855395
-11.082759
0.258346
-0.043063
-12.467512
-13.831817
-2.300614
-8.569927
-11.430050
4.657626
-7.503057
-9.398717
-5.396019
-5.546657
-5.105644
-4.844714
-11.696174
-4.844711
-11.696176
-10.781760
-7.226367
-3.547149
-11.320159
-10.824691
-5.639373
-5.318207
-1.807438
-10.216187
-1.727104
-11.717414
-11.082759
-3.677065
-2.826995
-5.380145
-10.583295
-5.736857
-9.964994
3.972935
-0.514726
-11.112298
-5.526701
-5.639372
4.973572
0.064798
-23.734319
-11.082759
-23.797356
-11.299405
-11.299405
0.000000
-11.473715
-2.738134
-2.102911
-11.261870
-4.112215
-10.357874
-10.440487
-1.281902
-3.826996
-11.430052
-10.398717
-10.438441
-10.438441
-6.682576
-9.543697
-6.682577
-9.543697
-10.398718
-6.445728
-8.137591
-4.519052
-16.782670
-15.109235
-8.399347
-6.916812
1.347321
-16.272745
1.378089
-8.789377
-0.653325
-4.080707
-8.113137
-8.789377
-30.672576
-26.122628
-16.601737
-7.291056
-5.956245
-0.971573
-22.486034
-11.430054
-5.956245
-0.000001
-11.473715
10.398715
-21.906731
-0.000001
-19.297915
-28.295474
0.000003
-0.000003
4.372957
-29.820832
-6.616152
4.230548
-22.751420
-4.420131
-8.789378
-5.178690
-2.588049
-9.697995
0.000003
-11.430054
-9.040775
-11.299397
-0.988596
-22.773299
-11.430053
-0.981019
3.061410
0.000000
-22.903645
-11.473715
-22.903645
-0.065419
-11.430051
-0.000002
-23.190800
-11.430051
0.000002
-11.430054
-22.816154
-22.816154
-0.000002
-11.473714
-11.430051
-0.237742
-0.279896
8.807258
-10.630697
8.773291
-0.321515
-11.430053
-0.855116
-0.876935
-0.000001
0.000000
-20.777761
-11.473715
-20.777761
-2.969616
-2.969616
-23.279220
-11.082756
-0.000000
-3.027665
-11.473715
-1.000000
-0.000001
-1.000000
-3.980986
-22.577295
-3.980986
-22.577295
0.065418
-1.998096
-10.781765
-24.524602
-10.187947
-21.827221
-3.768363
-22.665789
-10.359666
-11.299400
-22.201813
-7.137046
-11.082758
-0.924760
-11.331134
-11.430054
-0.947155
-21.875345
-11.419175
-21.180455
1.313988
-13.494031
-19.495558
-13.956224
-14.171515
-18.188085
-11.430053
-12.317918
-0.831667
-14.184098
-19.660718
-8.167286
-14.930787
-3.709504
-7.375163
-3.709505
-34.477487
-7.331752
-6.581050
-0.878527
-16.180561
-3.709545
-8.497968
0.000003
-8.705903
-11.082755
-22.451779
4.229687
-23.033123
-1.703722
-0.000005
-19.409011
-10.781767
-10.781767
-0.000000
-3.592755
-22.925730
-23.785609
-1.842482
-1.887103
-11.299400
0.000005
-25.271378
-4.849002
0.000001
-10.398712
-25.271378
-4.847027
2.219862
-9.763871
2.528462
-8.739081
-10.198968
-16.226284
-10.302032
0.000000
-4.080686
-8.271311
-8.346349
-15.544053
-11.475558
-10.353765
-5.990490
2.207375
-12.172897
-9.887553
-7.034665
0.517537
-11.588779
0.771376
-11.051963
-11.051964
-5.556813
-1.071530
0.000000
0.000001
-11.473714
-0.000001
-0.676234
-11.430054
-17.629208
-0.000001
-11.299400
-1.261257
-13.356207
-6.990924
-11.229418
-10.309124
0.000001
-2.541282
-0.000001
-1.597093
-10.089816
-0.000001
-11.082756
-10.948091
-10.001909
0.000004
-10.001910
0.000002
-1.809511
-11.082756
-8.633827
-8.399353
-10.781767
-9.810593
-10.438444
-1.842482
-0.000000
-11.430052
-11.082759
-2.506935
-10.089816
-20.638256
-18.468552
-11.082755
-2.969616
0.000001
-11.320157
-11.908665
-26.472047
-10.440485
-4.828041
-13.445020
-4.972999
1.231223
-5.639403
-11.685992
-1.977226
-2.981045
-11.320157
-11.320157
-5.639403
0.000000
-11.517544
-11.430051
-0.000000
-11.650716
-11.430051
-11.944548
-6.581053
-8.587207
-6.875322
-10.440487
-3.562993
-10.347462
-10.482674
-4.844710
1.272746
-11.696175
-12.881691
1.662216
-4.816751
-11.710710
-5.222005
-12.359755
-1.829631
-10.309126
-5.892232
-1.804311
-0.321411
-15.538984
-9.478752
-7.709332
1.486227
1.963988
-9.936528
-9.936528
-2.938827
-11.082759
-11.082759
-11.430051
-5.736858
-11.299404
-0.965926
-0.000001
-10.677202
-10.781760
-3.389491
-11.082756
-6.444408
-3.885079
0.000004
-5.372698
-9.706375
3.732922
-11.681391
-12.460714
-4.555691
3.280463
-11.473717
-1.926333
0.000000
-11.320157
-5.639371
-10.398720
-4.560908
0.901689
-10.781760
-24.396868
-2.068581
0.745830
-11.955066
-8.651590
2.186661
1.152813
-22.208384
-11.082759
0.954780
-23.267738
-5.280456
-23.171713
-5.280456
-23.834425
-23.080087
0.216955
0.935042
0.043471
-22.991255
-1.003820
0.130341
-11.299403
-21.875346
0.763180
-21.875345
-11.430051
-21.864523
0.279894
-6.893859
0.321517
-11.051962
-0.000001
-10.781766
-12.210073
-23.034733
-0.021818
-0.000002
-23.013163
4.862890
-11.299398
-11.186878
-11.419175
-10.398714
-11.111486
-0.000000
-11.299400
-5.556847
-0.517109
-11.616924
7.194394
-7.954282
-9.887555
-4.724986
-8.700628
-3.085349
8.713213
6.413688
-4.992974
-3.622342
-11.021285
-10.985450
-5.556850
-24.396902
-23.797356
0.000000
-10.781766
-0.000000
-23.734319
-2.878815
2.110956
-11.824998
2.255809
-11.299400
3.124403
-1.905479
-7.574872
-11.299400
-11.299400
-11.299401
-1.281903
-8.757721
-10.781766
-8.757723
-2.533439
5.372699
-5.222001
-6.581053
-12.121055
-6.581053
-21.267465
-8.144132
-5.736852
-5.308651
-6.332523
-10.954996
-5.925872
-9.127971
0.000002
-34.014968
-6.543390
-9.485664
-5.705870
-9.188901
-25.511834
-2.884057
-5.705873
-4.801391
-2.436572
-25.851918
-21.520722
-22.745620
-18.679756
-20.484238
-3.924244
-19.610869
-13.824244
-0.000001
-5.047963
-10.941491
-13.665936
-7.033574
-5.627559
-5.473250
-10.801894
-9.398715
-18.669352
-27.214237
-9.398716
-20.734783
-8.789379
-10.699796
-9.398710
-22.860109
-6.581050
-7.840377
-9.485665
-6.543390
-16.923153
-7.375165
-12.647243
-11.896866
-6.856324
-15.635850
-12.823682
-22.642535
-16.242751
-8.113141
-6.581050
-6.581050
-7.816608
-9.198795
-22.681393
-16.001231
-5.705872
-20.797423
-17.987277
-16.034644
-18.222244
-8.113142
-8.822951
-8.238300
-11.299402
-20.648960
-10.749159
-21.540575
-11.299397
-19.454373
-12.516558
0.000000
-4.080714
-7.449250
-16.226285
-14.006821
-8.689258
-0.000000
-3.924404
-8.979705
-3.116275
-8.447795
-10.781766
-10.001898
-11.636590
0.781729
-5.720471
-2.978122
-8.357287
-1.352948
2.436549
-2.488725
-15.301252
-4.420125
-0.000001
-8.628012
-12.797266
-9.297652
-2.426812
-10.150876
-9.936529
-1.864721
-9.838964
-11.696172
-10.309125
-0.745199
-5.222033
-8.420336
-11.251080
1.270536
-3.494227
-11.019513
-9.613645
-4.187358
2.243174
-5.313069
-6.489538
-0.000000
-8.144132
-3.191820
-7.337598
2.243170
-12.198919
-10.438437
-9.712560
-0.000000
4.512886
-17.089444
-18.649845
-17.089442
-18.649848
-7.606526
-5.508979
-14.204543
-9.936528
-24.124839
-7.296265
-21.690287
-24.875745
-24.875746
-4.724992
-28.378868
-11.125092
-11.690363
-2.980961
-11.430049
-1.149908
1.145062
1.016596
-10.482672
1.660038
-4.174876
-10.398719
-7.523652
-10.398718
-1.250780
-10.781760
-10.781760
-0.085627
0.085627
-12.975263
-0.125179
3.431640
0.682087
0.342348
-11.939801
-12.794836
0.279826
-11.430053
4.530343
-10.985449
7.953915
-11.299401
-1.143877
-6.581054
-9.398718
-6.599908
-6.581054
-9.425646
-0.000000
-7.310322
-0.599694
-11.320158
-5.178660
-11.789046
-10.370342
-10.482673
0.000001
-2.499210
-10.855393
-10.818413
-5.372687
-11.430051
-5.736853
5.720473
-8.136381
-6.713213
-11.299402
-0.844195
-11.430054
-11.430054
-10.438439
-13.338476
-11.867148
-20.554499
-8.358256
-10.398718
-11.931061
3.879461
-17.251211
-8.633826
-10.781760
-8.633826
-10.001898
-7.003409
-10.818415
-3.997847
-8.447795
-8.065383
-8.113143
-32.421636
-0.000000
-29.927189
-32.229855
-8.789377
-15.317714
-13.725684
-18.649777
0.000003
3.584521
-19.320783
-4.992945
-9.973440
-22.969116
-3.355678
-10.781767
-10.781767
-10.398717
-20.018525
0.000009
-5.987332
5.486385
-8.065382
-14.085831
8.789372
-10.398719
-10.440486
-2.783921
-19.810388
-11.082759
-11.082759
-1.859194
-18.181677
-8.399353
-2.896012
0.000010
-2.714312
-10.398716
-3.035824
-20.278973
-10.398718
10.398718
-20.040644
-0.000002
-10.398718
-12.351716
5.055361
-10.781754
-20.605084
-8.399352
-9.680454
-0.000001
-8.238306
-0.000000
-0.000001
0.000001
-11.473715
-0.000001
-0.473676
-0.557662
7.869533
-0.000003
11.473716
0.000000
-11.430053
-0.000002
-19.355235
-19.355235
-0.000001
-20.225181
-1.178401
-0.000008
-20.160530
-11.082760
-10.781767
-10.781767
-24.396868
-0.000000
0.152161
-22.816266
-11.430052
-11.430052
-11.082756
-11.082758
-2.469735
-11.473715
-16.902520
0.555701
-12.317918
-18.188085
-14.009530
-19.660718
-12.402398
0.659503
-17.629105
-11.430052
-17.629105
-18.257576
-18.257575
-13.956224
-11.430053
-6.581048
-9.398711
-19.927694
-19.242929
-6.581046
-0.947156
-0.000000
0.000001
-21.864403
-21.625186
-13.501032
0.863968
1.300088
-0.576895
-15.092221
-4.992943
-2.198359
-12.024575
-7.532114
-11.299401
7.526768
-0.609341
-10.153050
-11.430053
-9.398720
-8.822947
-0.000000
0.000001
0.000000
-8.789373
7.375165
0.000001
-10.664377
7.601003
-10.742972
-1.343448
-13.417356
-12.166017
-5.410428
3.677052
-10.781766
-10.210242
-0.000002
-10.765549
-2.951101
-20.040644
-20.605085
10.781755
-8.245987
2.455071
-11.112300
-2.746181
0.000002
-10.781766
-3.217610
-3.061184
0.000001
-11.082756
-1.607135
-19.069376
0.000008
-1.657005
-0.000001
-11.920647
-12.621775
-11.524814
-11.082758
-24.461835
-2.888965
-24.291234
-4.761470
-13.831817
-10.482670
-13.198290
-10.398717
-4.828041
-11.939804
-1.947015
-11.473716
-11.345701
-5.465294
-12.028822
-3.821074
-3.677052
-10.855393
-10.440486
-4.688235
-4.560910
-9.451769
-10.398717
-4.233685
-0.000006
3.581892
-9.129057
-5.839020
-8.274586
-2.434884
-11.112301
-9.492393
-4.990958
-10.818414
-3.615922
-10.636369
-6.917837
-4.541197
-7.034665
-11.304430
-10.440487
-4.973583
-11.188558
-11.112300
-5.639405
-11.320157
-5.639405
-9.398718
-6.599907
-8.814550
-9.773522
-9.243130
-7.092510
-7.822002
-11.082759
-2.277026
-4.555693
-4.843028
-9.698006
-8.137591
-8.003818
-9.841346
-7.137238
-5.526701
-7.409332
-11.082756
-3.153225
-9.713804
-11.299400
-11.628385
-5.639373
-11.320157
-1.963990
-11.430051
-4.419186
-7.347134
-10.292551
2.722039
-11.616925
-11.072706
-11.430052
-1.986698
-0.483356
0.554870
-0.468825
-2.938827
-11.833264
-3.894375
-3.834871
-5.396019
-5.546657
-0.125179
-5.178689
-23.711598
-22.635700
0.000003
-2.204655
-25.528227
2.713439
-26.371456
-10.398716
-25.844692
-5.474970
1.363900
-13.646792
1.605722
1.559028
-24.124839
-10.398717
-10.398717
-11.082759
-6.142896
-24.188177
-22.934144
-5.526700
-25.079172
-10.781761
-13.233622
2.137138
-4.042400
-22.925587
-4.042400
-22.925587
-11.299400
-11.299400
0.043471
-0.043471
-1.963988
-10.742971
-5.410402
-24.524462
-5.736853
-7.332961
-5.736851
-12.858192
-3.625233
-8.628031
-7.036097
-4.420105
-12.797266
-9.932560
1.606477
-27.130627
0.976956
-1.000000
-0.000000
-22.400129
-3.924243
-22.400129
-2.884057
-16.821539
3.275889
-22.142745
1.898320
-8.822205
-33.205751
-6.581050
-20.631212
-8.144136
-8.144135
-19.716447
-25.686129
-17.618363
-11.088326
-28.407335
-8.113139
-7.331752
-8.167281
-7.017337
-7.331754
-3.863431
-18.629471
-6.581049
-2.884068
-23.271354
-9.127971
-6.581048
-10.724934
-6.543388
-7.375162
-31.636052
-8.242180
-6.883276
-8.113137
-28.078000
-17.462042
-7.114701
-5.705872
-8.422063
-5.666271
-22.495506
-14.808062
-15.991268
-11.299400
-17.629104
-11.299400
-1.035277
-11.833264
0.475788
-11.725105
-11.051965
-7.013761
-10.127420
5.353905
-8.018098
-9.413759
2.902813
-1.951933
-24.291233
2.505314
-24.396769
-12.550461
-22.947434
-0.000002
-22.947434
-0.000002
0.954254
-11.110878
0.893831
-11.112301
-5.526702
-7.471537
-8.054357
-0.113441
-1.176917
-10.818415
-11.430052
-11.430052
-5.736857
-0.906308
-9.936528
7.045313
-11.430054
-11.430051
-5.736857
5.720471
-9.425646
-9.243131
-5.839036
5.410399
0.000001
-1.704923
-22.925589
-8.344226
-22.925589
-8.344227
-11.112300
-10.765538
-10.030568
-20.586418
-19.774561
1.580851
-21.684784
-6.329922
-10.440485
-18.468690
-20.620437
-14.171515
1.859196
2.102907
-10.349784
-10.781760
2.320998
-13.613462
-20.017300
-11.299402
-12.752442
-12.364975
1.107175
2.871163
3.399537
-17.089444
-18.649845
-10.781760
2.588050
-15.593519
-18.181527
2.456858
2.867944
-19.355363
-11.784562
-14.851899
3.035827
-11.970966
-10.398718
-12.230541
-30.749503
-7.082207
-1.313986
-17.163169
-11.299402
-17.163168
0.000005
-11.430057
-11.299402
-11.299403
-10.948093
-0.640584
-10.948093
-0.481102
-20.335127
-11.430051
0.000001
-17.629209
0.000000
-17.629209
0.000000
-0.000001
-11.473715
-18.257681
-11.430053
-18.257681
11.430053
0.000006
-19.409011
-19.335148
-19.335148
-2.760019
-0.000002
-11.304440
-10.781760
-21.640188
-1.887966
-19.297915
10.398718
-2.332868
0.000001
-21.906731
-0.000001
-0.000003
-19.633410
-22.111227
-1.137506
-15.256151
-11.082756
-16.272745
-16.210826
-0.752018
-11.430053
-14.736286
-14.833172
-22.229131
-0.971573
-22.248168
-11.430054
-22.229132
-14.006821
0.000000
-12.409371
-28.112305
-7.523668
-6.688433
-9.887549
1.001633
-8.662733
-9.662099
-0.794109
-0.737980
-11.430052
-11.430052
-11.082755
-19.121837
-2.145653
11.082773
-10.781774
-18.715604
-8.399352
-1.347322
0.000001
-1.439572
-11.299401
-17.650755
11.430053
-10.781767
-9.142990
-2.395403
-11.082756
-11.082756
-11.142058
-11.253727
-2.902616
-2.834871
-11.112301
-12.166017
-5.692275
-3.885079
-11.173838
-10.482670
-6.802132
-5.372722
-11.596435
-11.261866
-10.136361
-6.800011
-11.299400
-10.781763
-3.924241
-11.473715
-11.430051
-11.430053
-9.686898
-7.433024
-10.818415
-8.843738
-8.991431
3.569669
-11.344352
-11.320158
-10.763860
0.000002
-23.214335
-5.639385
-11.812491
-2.969618
-11.082759
-12.210073
-12.986580
-12.375322
-10.398715
-10.398718
-4.761470
-5.876275
-3.924242
-11.833230
-11.320561
-11.082756
-7.137237
-10.974063
-0.051541
-12.024573
-25.199473
-0.000002
-10.398716
-0.317214
-0.528019
-11.082759
-23.797321
-24.461696
0.000000
-23.279220
-23.668221
-11.299401
-23.403595
-25.570307
-10.398717
-11.299402
-23.483257
-22.486035
-22.021440
-11.299398
-5.956245
0.557662
-10.398709
-7.963496
-5.410398
5.526704
-25.056441
-9.810773
-4.801391
-11.035734
-21.538859
-4.509130
0.000000
-5.951173
-1.320361
3.209904
-15.635820
-6.581051
-3.309538
-7.816597
-16.386150
-6.054734
-2.436573
-5.736855
-23.162344
3.793028
-23.258250
-8.789375
-18.907719
-5.328816
-11.042843
-10.326910
-16.116996
-6.944820
-8.705901
-7.375165
-14.559751
-11.860932
-9.529539
-37.423322
-5.736851
-22.047424
-27.570515
-2.436559
-1.439575
-17.163266
-11.299400
-11.299400
-2.521678
-5.556846
-11.244529
0.087240
0.173813
-1.002865
-5.720469
-11.331774
-3.074373
-11.473716
-11.051963
-3.813158
-6.360693
-11.435588
0.000000
-21.492004
-10.550067
-11.201060
-0.801766
3.143471
-4.330258
-7.987984
-6.396635
-2.415874
-11.957321
-11.112299
-1.013810
-1.256210
4.793495
-1.652859
-12.681064
-5.178667
4.992973
0.000004
-0.000007
1.887965
-21.640316
-10.781760
2.976843
-22.925599
1.953383
-18.896115
-13.363040
-13.614342
-11.639617
3.783476
-12.775212
-22.222238
-14.681800
-28.122398
-8.751861
-23.625442
-6.854303
-8.065382
-14.131180
-8.113137
-8.113138
-7.563317
-19.882863
-11.473716
-19.854246
-0.555703
-11.430051
-19.114730
11.299401
-10.398718
0.000001
-22.925731
0.000001
-23.770200
0.000001
-10.398717
-1.756379
0.000012
10.781767
-11.082758
-9.142990
-1.428691
-11.082760
-0.000003
-21.962817
-11.299399
-18.468690
-20.620437
-14.171515
-16.810316
-17.247290
-17.121038
-21.214568
-12.194933
-9.936527
-13.198291
-13.079184
-4.724963
-14.189124
2.242532
-9.398716
0.502727
-9.887550
-4.992945
4.849002
-5.178690
-10.440485
-4.812096
-10.482671
-7.532114
-6.858827
-4.793488
-11.299405
-11.299403
-1.827569
-1.727103
-12.659845
-12.659845
-5.626463
-10.781761
-10.781761
0.000001
-0.256722
-23.644136
-0.427318
-23.711724
-1.064178
-11.082759
0.194270
-23.711724
-22.727323
0.000001
-24.124696
10.781764
-1.363902
-0.000000
-10.398710
-8.789374
-3.108485
-17.782006
-3.108484
-10.583295
-10.136366
5.410393
-1.497762
-10.818416
-11.944542
-5.372685
-20.387658
-10.398718
2.332868
-6.915267
-24.661670
0.881421
-8.838947
-11.299403
-10.749159
-19.454373
-12.516558
-10.781759
-0.000009
-1.580855
-11.717412
-3.827013
-11.430052
-11.430052
-5.736857
-9.964991
-10.398715
-12.409334
-10.398715
0.000001
-3.784823
-12.831146
-23.373871
-0.000000
6.977424
-0.000001
-11.299400
-22.925717
-22.783061
-22.925731
-0.000006
-23.565729
-0.847112
-23.858418
-22.436688
9.911303
-26.070166
-0.000003
-10.440486
0.000005
-0.737821
-12.024575
-1.050520
-14.295549
-9.936533
-10.309123
-3.498786
8.535805
-1.164339
-12.635516
-3.503438
-11.446927
-2.620173
0.517109
-10.781765
-3.935484
0.342347
-4.458536
-6.268568
-10.824691
-4.597624
-11.299400
-9.325642
2.537951
2.760017
-0.000002
-22.925721
-0.000002
-22.925721
-4.862889
-11.419175
-10.398718
0.500475
0.423022
-8.757718
-10.781767
-8.491622
-11.299400
-8.757716
1.410174
-11.430053
-9.191312
-3.348752
-25.254566
-0.525623
2.105114
-1.718818
-15.197152
-15.197148
-49.922131
-17.501233
-4.072066
-28.822524
-21.099546
0.507713
-20.678418
-55.680882
-14.919642
7.163330
-0.000001
-10.167891
-11.082760
-10.802470
6.147174
-11.430052
-9.191313
-11.082767
-11.082759
-9.972947
-2.101836
6.487973
-11.299398
-10.802470
-11.082766
16.155127
9.752511
16.626213
-12.485371
-10.509143
-0.439193
-35.277888
-18.574675
11.374950
-13.245055
-14.898348
-207.722401
-47.444230
-3.461890
29.063875
19.949049
3.885670
-16.303813
-7.453084
-11.629337
-9.116238
-18.397331
14.275845
-63.927518
-3.078355
-700.234550
-9.084018
-21.987451
-3.650200
-6.422134
-10.755853
119.895788
0.337748
7.195546
6.452758
65.175745
-47.444257
-13.108657
-5.615184
-8.002396
-14.980510
1.211352
4.523176
-80.378995
54.461190
-66.451514
-16.633337
-7.506465
-5.891392
-9.159284
-15.390375
-1.870002
24.347670
-350.442774
-72.937656
-524.829922
606.572953
-7.019226
-57.939958
-89.038000
-29.537500
-6.873108
-7.369359
-14.313009
-172.037068
-349.110400
110.058940
112.433741
36.161715
-1.250352
-12.922946
-111.642400
-126.915661
-349.106086
-3.276940
8.424157
