0 [-29 -29]
1 [-25 -25]
2 [-19 -20]
3 [-15 -15]
4 [-10 -10]
5 [-4 -4]
6 [0 0]
7 [4 4]
8 [10 10]
9 [15 15]
10 [19 20]
11 [25 25]
12 [29 29]
13 [35 34]
14 [39 40]
15 [45 45]
16 [49 49]
17 [54 55]
18 [60 60]
19 [65 65]
20 [69 69]
21 [79 80]
22 [-29 -29]
23 [-19 -20]
24 [-10 -10]
25 [-4 -4]
26 [0 0]
27 [4 4]
28 [10 10]
29 [19 20]
30 [29 29]
31 [39 40]
32 [-29 -29]
33 [-25 -25]
34 [-19 -20]
35 [-15 -15]
36 [-10 -10]
37 [0 0]
38 [10 10]
39 [15 15]
40 [19 20]
41 [25 25]
42 [29 29]
43 [35 34]
44 [49 49]
45 [60 60]
46 [-19 -20]
47 [-10 -10]
48 [-4 -4]
49 [0 0]
50 [4 4]
51 [10 10]
52 [19 20]
53 [39 40]
54 [45 45]
55 [49 49]
56 [69 69]
57 [-29 -29]
58 [-15 -15]
59 [-10 -10]
60 [0 0]
61 [10 10]
62 [15 15]
63 [29 29]
64 [39 40]
65 [54 55]
66 [60 60]
67 [-29 -29]
68 [-25 -25]
69 [-19 -20]
70 [-10 -10]
71 [-4 -4]
72 [0 0]
73 [4 4]
74 [10 10]
75 [19 20]
76 [25 25]
77 [29 29]
78 [35 34]
79 [49 49]
80 [65 65]
81 [-29 -29]
82 [-19 -20]
83 [-15 -15]
84 [-10 -10]
85 [0 0]
86 [10 10]
87 [15 15]
88 [19 20]
89 [29 29]
90 [39 40]
91 [45 45]
92 [60 60]
93 [69 69]
94 [79 80]
95 [-29 -29]
96 [-25 -25]
97 [-19 -20]
98 [-10 -10]
99 [-4 -4]
100 [0 0]
101 [4 4]
102 [10 10]
103 [19 20]
104 [25 25]
105 [29 29]
106 [35 34]
107 [39 40]
108 [49 49]
109 [54 55]
110 [-29 -29]
111 [-19 -20]
112 [-15 -15]
113 [-10 -10]
114 [0 0]
115 [10 10]
116 [15 15]
117 [19 20]
118 [29 29]
119 [39 40]
120 [49 49]
121 [60 60]
122 [-25 -25]
123 [-19 -20]
124 [-4 -4]
125 [0 0]
126 [4 4]
127 [19 20]
128 [25 25]
129 [45 45]
130 [69 69]
131 [-29 -29]
132 [-19 -20]
133 [-15 -15]
134 [-10 -10]
135 [0 0]
136 [10 10]
137 [15 15]
138 [19 20]
139 [29 29]
140 [35 34]
141 [39 40]
142 [49 49]
143 [60 60]
144 [65 65]
145 [-29 -29]
146 [-25 -25]
147 [-19 -20]
148 [-10 -10]
149 [-4 -4]
150 [0 0]
151 [4 4]
152 [10 10]
153 [19 20]
154 [25 25]
155 [29 29]
156 [39 40]
157 [45 45]
158 [49 49]
159 [54 55]
160 [-29 -29]
161 [-19 -20]
162 [-15 -15]
163 [-10 -10]
164 [0 0]
165 [10 10]
166 [15 15]
167 [19 20]
168 [29 29]
169 [35 34]
170 [39 40]
171 [60 60]
172 [69 69]
173 [79 80]
174 [-29 -29]
175 [-10 -10]
176 [-4 -4]
177 [0 0]
178 [4 4]
179 [10 10]
180 [29 29]
181 [49 49]
182 [-29 -29]
183 [-25 -25]
184 [-19 -20]
185 [-10 -10]
186 [0 0]
187 [10 10]
188 [19 20]
189 [25 25]
190 [29 29]
191 [39 40]
192 [45 45]
193 [54 55]
194 [60 60]
195 [-19 -20]
196 [-15 -15]
197 [-10 -10]
198 [-4 -4]
199 [0 0]
200 [4 4]
201 [10 10]
202 [15 15]
203 [19 20]
204 [35 34]
205 [39 40]
206 [49 49]
207 [65 65]
208 [69 69]
209 [-29 -29]
210 [-25 -25]
211 [-19 -20]
212 [-10 -10]
213 [0 0]
214 [10 10]
215 [19 20]
216 [25 25]
217 [29 29]
218 [49 49]
219 [60 60]
220 [-29 -29]
221 [-19 -20]
222 [-15 -15]
223 [-10 -10]
224 [-4 -4]
225 [0 0]
226 [4 4]
227 [10 10]
228 [15 15]
229 [19 20]
230 [29 29]
231 [35 34]
232 [39 40]
233 [45 45]
234 [-29 -29]
235 [-25 -25]
236 [-19 -20]
237 [-10 -10]
238 [0 0]
239 [10 10]
240 [19 20]
241 [25 25]
242 [29 29]
243 [39 40]
244 [49 49]
245 [54 55]
246 [60 60]
247 [69 69]
248 [79 80]
249 [-15 -15]
250 [-4 -4]
251 [4 4]
252 [15 15]
253 [-29 -29]
254 [-25 -25]
255 [-19 -20]
256 [-10 -10]
257 [0 0]
258 [10 10]
259 [19 20]
260 [25 25]
261 [29 29]
262 [35 34]
263 [45 45]
264 [65 65]
265 [-15 -15]
266 [-4 -4]
267 [4 4]
268 [15 15]
269 [39 40]
270 [49 49]
271 [-19 -20]
272 [-10 -10]
273 [0 0]
274 [10 10]
275 [19 20]
276 [35 34]
277 [54 55]
278 [60 60]
279 [-29 -29]
280 [-25 -25]
281 [-15 -15]
282 [-4 -4]
283 [4 4]
284 [15 15]
285 [25 25]
286 [29 29]
287 [39 40]
288 [45 45]
289 [-19 -20]
290 [-10 -10]
291 [0 0]
292 [10 10]
293 [19 20]
294 [49 49]
295 [69 69]
296 [-29 -29]
297 [-25 -25]
298 [-15 -15]
299 [-4 -4]
300 [4 4]
301 [15 15]
302 [25 25]
303 [29 29]
304 [35 34]
305 [54 55]
306 [65 65]
307 [-10 -10]
308 [0 0]
309 [10 10]
310 [39 40]
311 [45 45]
312 [60 60]
313 [-29 -29]
314 [-25 -25]
315 [-19 -20]
316 [-15 -15]
317 [15 15]
318 [19 20]
319 [25 25]
320 [29 29]
321 [35 34]
322 [-10 -10]
323 [-4 -4]
324 [0 0]
325 [4 4]
326 [10 10]
327 [45 45]
328 [49 49]
329 [-25 -25]
330 [-19 -20]
331 [-15 -15]
332 [15 15]
333 [19 20]
334 [25 25]
335 [35 34]
336 [39 40]
337 [54 55]
338 [65 65]
339 [-29 -29]
340 [-10 -10]
341 [-4 -4]
342 [0 0]
343 [4 4]
344 [10 10]
345 [29 29]
346 [60 60]
347 [69 69]
348 [79 80]
349 [-19 -20]
350 [-15 -15]
351 [15 15]
352 [19 20]
353 [39 40]
354 [45 45]
355 [49 49]
356 [-29 -29]
357 [-25 -25]
358 [-10 -10]
359 [-4 -4]
360 [0 0]
361 [4 4]
362 [10 10]
363 [25 25]
364 [29 29]
365 [35 34]
366 [54 55]
367 [-19 -20]
368 [-15 -15]
369 [15 15]
370 [19 20]
371 [-29 -29]
372 [-25 -25]
373 [-10 -10]
374 [-4 -4]
375 [0 0]
376 [4 4]
377 [10 10]
378 [25 25]
379 [29 29]
380 [35 34]
381 [39 40]
382 [45 45]
383 [49 49]
384 [60 60]
385 [65 65]
386 [-19 -20]
387 [-15 -15]
388 [15 15]
389 [19 20]
390 [-29 -29]
391 [-25 -25]
392 [-19 -20]
393 [-15 -15]
394 [-10 -10]
395 [-4 -4]
396 [0 0]
397 [4 4]
398 [10 10]
399 [15 15]
400 [19 20]
401 [25 25]
402 [29 29]
403 [35 34]
404 [39 40]
405 [45 45]
406 [49 49]
407 [54 55]
408 [60 60]
409 [65 65]
410 [69 69]
411 [79 80]
412 [-29 -29]
413 [-19 -20]
414 [-15 -15]
415 [15 15]
416 [19 20]
417 [29 29]
418 [35 34]
419 [45 45]
420 [49 49]
421 [-25 -25]
422 [-10 -10]
423 [-4 -4]
424 [0 0]
425 [4 4]
426 [10 10]
427 [25 25]
428 [60 60]
429 [-29 -29]
430 [-15 -15]
431 [15 15]
432 [29 29]
433 [35 34]
434 [39 40]
435 [65 65]
436 [-19 -20]
437 [-10 -10]
438 [-4 -4]
439 [0 0]
440 [4 4]
441 [10 10]
442 [19 20]
443 [45 45]
444 [49 49]
445 [54 55]
446 [-29 -29]
447 [-25 -25]
448 [25 25]
449 [29 29]
450 [-19 -20]
451 [-15 -15]
452 [-10 -10]
453 [-4 -4]
454 [0 0]
455 [4 4]
456 [10 10]
457 [15 15]
458 [19 20]
459 [35 34]
460 [39 40]
461 [60 60]
462 [69 69]
463 [79 80]
464 [-25 -25]
465 [25 25]
466 [45 45]
467 [49 49]
468 [54 55]
469 [-29 -29]
470 [-19 -20]
471 [-15 -15]
472 [-10 -10]
473 [-4 -4]
474 [0 0]
475 [4 4]
476 [10 10]
477 [15 15]
478 [19 20]
479 [29 29]
480 [35 34]
481 [39 40]
482 [65 65]
483 [-25 -25]
484 [25 25]
485 [45 45]
486 [-29 -29]
487 [-19 -20]
488 [-15 -15]
489 [-4 -4]
490 [0 0]
491 [4 4]
492 [15 15]
493 [19 20]
494 [29 29]
495 [60 60]
496 [-25 -25]
497 [-10 -10]
498 [10 10]
499 [25 25]
500 [35 34]
501 [39 40]
502 [49 49]
503 [54 55]
504 [-19 -20]
505 [-15 -15]
506 [-4 -4]
507 [0 0]
508 [4 4]
509 [15 15]
510 [19 20]
511 [45 45]
512 [69 69]
513 [-29 -29]
514 [-10 -10]
515 [10 10]
516 [29 29]
517 [35 34]
518 [65 65]
519 [-25 -25]
520 [-19 -20]
521 [-15 -15]
522 [-4 -4]
523 [0 0]
524 [4 4]
525 [15 15]
526 [19 20]
527 [25 25]
528 [39 40]
529 [49 49]
530 [54 55]
531 [60 60]
532 [-29 -29]
533 [-10 -10]
534 [10 10]
535 [29 29]
536 [45 45]
537 [-25 -25]
538 [-15 -15]
539 [-4 -4]
540 [0 0]
541 [4 4]
542 [15 15]
543 [25 25]
544 [35 34]
545 [39 40]
546 [-29 -29]
547 [-19 -20]
548 [-10 -10]
549 [10 10]
550 [19 20]
551 [29 29]
552 [49 49]
553 [-25 -25]
554 [-15 -15]
555 [-4 -4]
556 [0 0]
557 [4 4]
558 [15 15]
559 [25 25]
560 [35 34]
561 [45 45]
562 [54 55]
563 [60 60]
564 [65 65]
565 [69 69]
566 [79 80]
567 [-25 -25]
568 [-19 -20]
569 [-15 -15]
570 [-10 -10]
571 [-4 -4]
572 [4 4]
573 [10 10]
574 [15 15]
575 [19 20]
576 [25 25]
577 [35 34]
578 [39 40]
579 [-29 -29]
580 [-25 -25]
581 [-15 -15]
582 [-4 -4]
583 [0 0]
584 [4 4]
585 [15 15]
586 [25 25]
587 [29 29]
588 [45 45]
589 [49 49]
590 [54 55]
591 [-25 -25]
592 [-19 -20]
593 [-15 -15]
594 [-10 -10]
595 [-4 -4]
596 [4 4]
597 [10 10]
598 [15 15]
599 [19 20]
600 [25 25]
601 [35 34]
602 [45 45]
603 [65 65]
604 [-29 -29]
605 [-15 -15]
606 [-4 -4]
607 [0 0]
608 [4 4]
609 [15 15]
610 [29 29]
611 [35 34]
612 [39 40]
613 [54 55]
614 [60 60]
615 [-25 -25]
616 [-19 -20]
617 [-15 -15]
618 [-10 -10]
619 [-4 -4]
620 [4 4]
621 [10 10]
622 [15 15]
623 [19 20]
624 [25 25]
625 [35 34]
626 [45 45]
627 [49 49]
628 [54 55]
629 [65 65]
630 [-29 -29]
631 [-25 -25]
632 [-15 -15]
633 [-4 -4]
634 [0 0]
635 [4 4]
636 [15 15]
637 [25 25]
638 [29 29]
639 [35 34]
640 [39 40]
641 [45 45]
642 [69 69]
643 [-25 -25]
644 [-19 -20]
645 [-15 -15]
646 [-10 -10]
647 [-4 -4]
648 [4 4]
649 [10 10]
650 [15 15]
651 [19 20]
652 [25 25]
653 [54 55]
654 [-25 -25]
655 [-15 -15]
656 [-4 -4]
657 [0 0]
658 [4 4]
659 [15 15]
660 [25 25]
661 [35 34]
662 [45 45]
663 [49 49]
664 [60 60]
665 [65 65]
666 [-29 -29]
667 [-25 -25]
668 [-19 -20]
669 [-10 -10]
670 [10 10]
671 [19 20]
672 [25 25]
673 [29 29]
674 [35 34]
675 [39 40]
676 [45 45]
677 [54 55]
678 [-25 -25]
679 [-15 -15]
680 [-4 -4]
681 [0 0]
682 [4 4]
683 [15 15]
684 [25 25]
685 [35 34]
686 [65 65]
687 [-29 -29]
688 [-25 -25]
689 [-15 -15]
690 [-10 -10]
691 [-4 -4]
692 [4 4]
693 [10 10]
694 [15 15]
695 [25 25]
696 [29 29]
697 [39 40]
698 [45 45]
699 [54 55]
700 [-25 -25]
701 [-19 -20]
702 [-15 -15]
703 [-4 -4]
704 [0 0]
705 [4 4]
706 [15 15]
707 [19 20]
708 [25 25]
709 [35 34]
710 [45 45]
711 [49 49]
712 [60 60]
713 [69 69]
714 [79 80]
715 [-29 -29]
716 [-15 -15]
717 [-10 -10]
718 [-4 -4]
719 [4 4]
720 [10 10]
721 [15 15]
722 [29 29]
723 [35 34]
724 [54 55]
725 [65 65]
726 [-25 -25]
727 [-19 -20]
728 [-15 -15]
729 [-4 -4]
730 [0 0]
731 [4 4]
732 [15 15]
733 [19 20]
734 [25 25]
735 [35 34]
736 [39 40]
737 [45 45]
738 [54 55]
739 [-25 -25]
740 [-15 -15]
741 [-10 -10]
742 [-4 -4]
743 [4 4]
744 [10 10]
745 [15 15]
746 [25 25]
747 [35 34]
748 [45 45]
749 [49 49]
750 [65 65]
751 [-29 -29]
752 [-25 -25]
753 [-19 -20]
754 [-15 -15]
755 [-4 -4]
756 [0 0]
757 [4 4]
758 [15 15]
759 [19 20]
760 [25 25]
761 [29 29]
762 [54 55]
763 [60 60]
764 [-25 -25]
765 [-15 -15]
766 [-10 -10]
767 [-4 -4]
768 [4 4]
769 [10 10]
770 [15 15]
771 [25 25]
772 [35 34]
773 [39 40]
774 [45 45]
775 [-29 -29]
776 [-25 -25]
777 [-19 -20]
778 [-15 -15]
779 [-10 -10]
780 [-4 -4]
781 [0 0]
782 [4 4]
783 [10 10]
784 [15 15]
785 [19 20]
786 [25 25]
787 [29 29]
788 [35 34]
789 [39 40]
790 [45 45]
791 [49 49]
792 [54 55]
793 [60 60]
794 [65 65]
795 [69 69]
796 [79 80]
797 [-25 -25]
798 [-15 -15]
799 [-10 -10]
800 [-4 -4]
801 [4 4]
802 [10 10]
803 [15 15]
804 [25 25]
805 [35 34]
806 [39 40]
807 [-29 -29]
808 [-25 -25]
809 [-19 -20]
810 [-15 -15]
811 [-4 -4]
812 [0 0]
813 [4 4]
814 [15 15]
815 [19 20]
816 [25 25]
817 [29 29]
818 [45 45]
819 [54 55]
820 [60 60]
821 [-25 -25]
822 [-15 -15]
823 [-10 -10]
824 [-4 -4]
825 [4 4]
826 [10 10]
827 [15 15]
828 [25 25]
829 [35 34]
830 [45 45]
831 [49 49]
832 [65 65]
833 [-19 -20]
834 [-15 -15]
835 [-4 -4]
836 [0 0]
837 [4 4]
838 [15 15]
839 [19 20]
840 [35 34]
841 [39 40]
842 [54 55]
843 [-29 -29]
844 [-25 -25]
845 [-15 -15]
846 [-10 -10]
847 [-4 -4]
848 [4 4]
849 [10 10]
850 [15 15]
851 [25 25]
852 [29 29]
853 [35 34]
854 [45 45]
855 [54 55]
856 [65 65]
857 [-25 -25]
858 [-19 -20]
859 [-15 -15]
860 [-4 -4]
861 [0 0]
862 [4 4]
863 [15 15]
864 [19 20]
865 [25 25]
866 [35 34]
867 [45 45]
868 [49 49]
869 [60 60]
870 [69 69]
871 [79 80]
872 [-29 -29]
873 [-25 -25]
874 [-15 -15]
875 [-10 -10]
876 [-4 -4]
877 [4 4]
878 [10 10]
879 [15 15]
880 [25 25]
881 [29 29]
882 [39 40]
883 [54 55]
884 [-25 -25]
885 [-15 -15]
886 [-4 -4]
887 [0 0]
888 [4 4]
889 [15 15]
890 [25 25]
891 [35 34]
892 [45 45]
893 [65 65]
894 [-29 -29]
895 [-25 -25]
896 [-19 -20]
897 [-10 -10]
898 [10 10]
899 [19 20]
900 [25 25]
901 [29 29]
902 [35 34]
903 [39 40]
904 [45 45]
905 [54 55]
906 [-25 -25]
907 [-15 -15]
908 [-4 -4]
909 [0 0]
910 [4 4]
911 [15 15]
912 [25 25]
913 [35 34]
914 [49 49]
915 [60 60]
916 [65 65]
917 [-25 -25]
918 [-19 -20]
919 [-15 -15]
920 [-10 -10]
921 [-4 -4]
922 [4 4]
923 [10 10]
924 [15 15]
925 [19 20]
926 [25 25]
927 [45 45]
928 [54 55]
929 [-29 -29]
930 [-25 -25]
931 [-15 -15]
932 [-4 -4]
933 [0 0]
934 [4 4]
935 [15 15]
936 [25 25]
937 [29 29]
938 [35 34]
939 [39 40]
940 [45 45]
941 [69 69]
942 [-19 -20]
943 [-15 -15]
944 [-10 -10]
945 [-4 -4]
946 [4 4]
947 [10 10]
948 [15 15]
949 [19 20]
950 [35 34]
951 [49 49]
952 [54 55]
953 [65 65]
954 [-29 -29]
955 [-25 -25]
956 [-15 -15]
957 [-4 -4]
958 [0 0]
959 [4 4]
960 [15 15]
961 [25 25]
962 [29 29]
963 [35 34]
964 [39 40]
965 [45 45]
966 [54 55]
967 [60 60]
968 [-25 -25]
969 [-19 -20]
970 [-15 -15]
971 [-10 -10]
972 [-4 -4]
973 [4 4]
974 [10 10]
975 [15 15]
976 [19 20]
977 [25 25]
978 [35 34]
979 [45 45]
980 [65 65]
981 [-29 -29]
982 [-25 -25]
983 [-15 -15]
984 [-4 -4]
985 [0 0]
986 [4 4]
987 [15 15]
988 [25 25]
989 [29 29]
990 [49 49]
991 [54 55]
992 [-25 -25]
993 [-19 -20]
994 [-15 -15]
995 [-10 -10]
996 [-4 -4]
997 [4 4]
998 [10 10]
999 [15 15]
1000 [19 20]
1001 [25 25]
1002 [35 34]
1003 [39 40]
1004 [45 45]
1005 [-25 -25]
1006 [-15 -15]
1007 [-4 -4]
1008 [0 0]
1009 [4 4]
1010 [15 15]
1011 [25 25]
1012 [35 34]
1013 [45 45]
1014 [54 55]
1015 [60 60]
1016 [65 65]
1017 [69 69]
1018 [79 80]
1019 [-29 -29]
1020 [-19 -20]
1021 [-10 -10]
1022 [10 10]
1023 [19 20]
1024 [29 29]
1025 [49 49]
1026 [-25 -25]
1027 [-15 -15]
1028 [-4 -4]
1029 [0 0]
1030 [4 4]
1031 [15 15]
1032 [25 25]
1033 [35 34]
1034 [39 40]
1035 [-29 -29]
1036 [-10 -10]
1037 [10 10]
1038 [29 29]
1039 [45 45]
1040 [-19 -20]
1041 [-15 -15]
1042 [-4 -4]
1043 [0 0]
1044 [4 4]
1045 [15 15]
1046 [19 20]
1047 [39 40]
1048 [49 49]
1049 [54 55]
1050 [60 60]
1051 [-29 -29]
1052 [-25 -25]
1053 [-10 -10]
1054 [10 10]
1055 [25 25]
1056 [29 29]
1057 [35 34]
1058 [65 65]
1059 [-19 -20]
1060 [-15 -15]
1061 [-4 -4]
1062 [0 0]
1063 [4 4]
1064 [15 15]
1065 [19 20]
1066 [45 45]
1067 [69 69]
1068 [-25 -25]
1069 [-10 -10]
1070 [10 10]
1071 [25 25]
1072 [35 34]
1073 [39 40]
1074 [49 49]
1075 [54 55]
1076 [-29 -29]
1077 [-19 -20]
1078 [-15 -15]
1079 [-4 -4]
1080 [0 0]
1081 [4 4]
1082 [15 15]
1083 [19 20]
1084 [29 29]
1085 [60 60]
1086 [-25 -25]
1087 [25 25]
1088 [45 45]
1089 [-29 -29]
1090 [-19 -20]
1091 [-15 -15]
1092 [-10 -10]
1093 [-4 -4]
1094 [0 0]
1095 [4 4]
1096 [10 10]
1097 [15 15]
1098 [19 20]
1099 [29 29]
1100 [35 34]
1101 [39 40]
1102 [65 65]
1103 [-25 -25]
1104 [25 25]
1105 [45 45]
1106 [49 49]
1107 [54 55]
1108 [-19 -20]
1109 [-15 -15]
1110 [-10 -10]
1111 [-4 -4]
1112 [0 0]
1113 [4 4]
1114 [10 10]
1115 [15 15]
1116 [19 20]
1117 [35 34]
1118 [39 40]
1119 [60 60]
1120 [69 69]
1121 [79 80]
1122 [-29 -29]
1123 [29 29]
1124 [-25 -25]
1125 [-19 -20]
1126 [-10 -10]
1127 [-4 -4]
1128 [0 0]
1129 [4 4]
1130 [10 10]
1131 [19 20]
1132 [25 25]
1133 [45 45]
1134 [49 49]
1135 [54 55]
1136 [-29 -29]
1137 [-15 -15]
1138 [15 15]
1139 [29 29]
1140 [35 34]
1141 [39 40]
1142 [65 65]
1143 [-25 -25]
1144 [-10 -10]
1145 [-4 -4]
1146 [0 0]
1147 [4 4]
1148 [10 10]
1149 [25 25]
1150 [60 60]
1151 [-29 -29]
1152 [-19 -20]
1153 [-15 -15]
1154 [15 15]
1155 [19 20]
1156 [29 29]
1157 [35 34]
1158 [45 45]
1159 [49 49]
1160 [-29 -29]
1161 [-25 -25]
1162 [-19 -20]
1163 [-15 -15]
1164 [-10 -10]
1165 [-4 -4]
1166 [0 0]
1167 [4 4]
1168 [10 10]
1169 [15 15]
1170 [19 20]
1171 [25 25]
1172 [29 29]
1173 [35 34]
1174 [39 40]
1175 [45 45]
1176 [49 49]
1177 [54 55]
1178 [60 60]
1179 [65 65]
1180 [69 69]
1181 [79 80]
1182 [-19 -20]
1183 [-15 -15]
1184 [15 15]
1185 [19 20]
1186 [-29 -29]
1187 [-25 -25]
1188 [-10 -10]
1189 [-4 -4]
1190 [0 0]
1191 [4 4]
1192 [10 10]
1193 [25 25]
1194 [29 29]
1195 [35 34]
1196 [39 40]
1197 [45 45]
1198 [49 49]
1199 [60 60]
1200 [65 65]
1201 [-19 -20]
1202 [-15 -15]
1203 [15 15]
1204 [19 20]
1205 [-29 -29]
1206 [-10 -10]
1207 [-4 -4]
1208 [0 0]
1209 [4 4]
1210 [10 10]
1211 [29 29]
1212 [35 34]
1213 [54 55]
1214 [-25 -25]
1215 [-19 -20]
1216 [-15 -15]
1217 [15 15]
1218 [19 20]
1219 [25 25]
1220 [39 40]
1221 [45 45]
1222 [49 49]
1223 [-29 -29]
1224 [-10 -10]
1225 [-4 -4]
1226 [0 0]
1227 [4 4]
1228 [10 10]
1229 [29 29]
1230 [60 60]
1231 [69 69]
1232 [79 80]
1233 [-25 -25]
1234 [-19 -20]
1235 [-15 -15]
1236 [15 15]
1237 [19 20]
1238 [25 25]
1239 [35 34]
1240 [39 40]
1241 [54 55]
1242 [65 65]
1243 [-10 -10]
1244 [-4 -4]
1245 [0 0]
1246 [4 4]
1247 [10 10]
1248 [45 45]
1249 [49 49]
1250 [-29 -29]
1251 [-25 -25]
1252 [-19 -20]
1253 [-15 -15]
1254 [15 15]
1255 [19 20]
1256 [25 25]
1257 [29 29]
1258 [35 34]
1259 [-10 -10]
1260 [0 0]
1261 [10 10]
1262 [39 40]
1263 [45 45]
1264 [60 60]
1265 [-29 -29]
1266 [-25 -25]
1267 [-15 -15]
1268 [-4 -4]
1269 [4 4]
1270 [15 15]
1271 [25 25]
1272 [29 29]
1273 [35 34]
1274 [54 55]
1275 [65 65]
1276 [-19 -20]
1277 [-10 -10]
1278 [0 0]
1279 [10 10]
1280 [19 20]
1281 [49 49]
1282 [69 69]
1283 [-29 -29]
1284 [-15 -15]
1285 [-4 -4]
1286 [4 4]
1287 [15 15]
1288 [29 29]
1289 [39 40]
1290 [45 45]
1291 [-25 -25]
1292 [-19 -20]
1293 [-10 -10]
1294 [0 0]
1295 [10 10]
1296 [19 20]
1297 [25 25]
1298 [35 34]
1299 [54 55]
1300 [60 60]
1301 [-15 -15]
1302 [-4 -4]
1303 [4 4]
1304 [15 15]
1305 [39 40]
1306 [49 49]
1307 [-29 -29]
1308 [-25 -25]
1309 [-19 -20]
1310 [-10 -10]
1311 [0 0]
1312 [10 10]
1313 [19 20]
1314 [25 25]
1315 [29 29]
1316 [35 34]
1317 [45 45]
1318 [65 65]
1319 [-15 -15]
1320 [-4 -4]
1321 [4 4]
1322 [15 15]
1323 [-29 -29]
1324 [-25 -25]
1325 [-19 -20]
1326 [-10 -10]
1327 [0 0]
1328 [10 10]
1329 [19 20]
1330 [25 25]
1331 [29 29]
1332 [39 40]
1333 [49 49]
1334 [54 55]
1335 [60 60]
1336 [69 69]
1337 [79 80]
1338 [-29 -29]
1339 [-19 -20]
1340 [-15 -15]
1341 [-10 -10]
1342 [-4 -4]
1343 [0 0]
1344 [4 4]
1345 [10 10]
1346 [15 15]
1347 [19 20]
1348 [29 29]
1349 [35 34]
1350 [39 40]
1351 [45 45]
1352 [-29 -29]
1353 [-25 -25]
1354 [-19 -20]
1355 [-10 -10]
1356 [0 0]
1357 [10 10]
1358 [19 20]
1359 [25 25]
1360 [29 29]
1361 [49 49]
1362 [60 60]
1363 [-19 -20]
1364 [-15 -15]
1365 [-10 -10]
1366 [-4 -4]
1367 [0 0]
1368 [4 4]
1369 [10 10]
1370 [15 15]
1371 [19 20]
1372 [35 34]
1373 [39 40]
1374 [49 49]
1375 [65 65]
1376 [69 69]
1377 [-29 -29]
1378 [-10 -10]
1379 [0 0]
1380 [10 10]
1381 [29 29]
1382 [39 40]
1383 [45 45]
1384 [54 55]
1385 [60 60]
1386 [-29 -29]
1387 [-25 -25]
1388 [-19 -20]
1389 [-10 -10]
1390 [-4 -4]
1391 [0 0]
1392 [4 4]
1393 [10 10]
1394 [19 20]
1395 [25 25]
1396 [29 29]
1397 [49 49]
1398 [-29 -29]
1399 [-19 -20]
1400 [-15 -15]
1401 [-10 -10]
1402 [0 0]
1403 [10 10]
1404 [15 15]
1405 [19 20]
1406 [29 29]
1407 [35 34]
1408 [39 40]
1409 [60 60]
1410 [69 69]
1411 [79 80]
1412 [-29 -29]
1413 [-25 -25]
1414 [-19 -20]
1415 [-10 -10]
1416 [-4 -4]
1417 [0 0]
1418 [4 4]
1419 [10 10]
1420 [19 20]
1421 [25 25]
1422 [29 29]
1423 [39 40]
1424 [45 45]
1425 [49 49]
1426 [54 55]
1427 [-29 -29]
1428 [-19 -20]
1429 [-15 -15]
1430 [-10 -10]
1431 [0 0]
1432 [10 10]
1433 [15 15]
1434 [19 20]
1435 [29 29]
1436 [35 34]
1437 [39 40]
1438 [49 49]
1439 [60 60]
1440 [65 65]
1441 [-25 -25]
1442 [-19 -20]
1443 [-4 -4]
1444 [0 0]
1445 [4 4]
1446 [19 20]
1447 [25 25]
1448 [45 45]
1449 [69 69]
1450 [-29 -29]
1451 [-19 -20]
1452 [-15 -15]
1453 [-10 -10]
1454 [0 0]
1455 [10 10]
1456 [15 15]
1457 [19 20]
1458 [29 29]
1459 [39 40]
1460 [49 49]
1461 [60 60]
1462 [-29 -29]
1463 [-25 -25]
1464 [-19 -20]
1465 [-10 -10]
1466 [-4 -4]
1467 [0 0]
1468 [4 4]
1469 [10 10]
1470 [19 20]
1471 [25 25]
1472 [29 29]
1473 [35 34]
1474 [39 40]
1475 [49 49]
1476 [54 55]
1477 [-29 -29]
1478 [-19 -20]
1479 [-15 -15]
1480 [-10 -10]
1481 [0 0]
1482 [10 10]
1483 [15 15]
1484 [19 20]
1485 [29 29]
1486 [39 40]
1487 [45 45]
1488 [60 60]
1489 [69 69]
1490 [79 80]
1491 [-29 -29]
1492 [-10 -10]
1493 [-4 -4]
1494 [0 0]
1495 [4 4]
1496 [10 10]
1497 [29 29]
1498 [35 34]
1499 [49 49]
1500 [65 65]
1501 [-29 -29]
1502 [-25 -25]
1503 [-19 -20]
1504 [-15 -15]
1505 [-10 -10]
1506 [0 0]
1507 [10 10]
1508 [15 15]
1509 [19 20]
1510 [25 25]
1511 [29 29]
1512 [39 40]
1513 [54 55]
1514 [60 60]
1515 [-19 -20]
1516 [-10 -10]
1517 [-4 -4]
1518 [0 0]
1519 [4 4]
1520 [10 10]
1521 [19 20]
1522 [39 40]
1523 [45 45]
1524 [49 49]
1525 [69 69]
1526 [-29 -29]
1527 [-25 -25]
1528 [-19 -20]
1529 [-15 -15]
1530 [-10 -10]
1531 [0 0]
1532 [10 10]
1533 [15 15]
1534 [19 20]
1535 [25 25]
1536 [29 29]
1537 [35 34]
1538 [49 49]
1539 [60 60]
1540 [-29 -29]
1541 [-19 -20]
1542 [-10 -10]
1543 [-4 -4]
1544 [0 0]
1545 [4 4]
1546 [10 10]
1547 [19 20]
1548 [29 29]
1549 [39 40]
