0 [0 -29]
1 [-179 -25]
2 [0 -19]
3 [-179 -15]
4 [0 -10]
5 [-179 -4]
6 [0 0]
7 [-179 4]
8 [0 10]
9 [-179 15]
10 [0 19]
11 [-179 25]
12 [0 29]
13 [-179 35]
14 [0 39]
15 [-179 45]
16 [0 49]
17 [-179 55]
18 [0 60]
19 [-179 65]
20 [0 69]
21 [0 80]
22 [2 -30]
23 [2 -19]
24 [2 -10]
25 [-177 -4]
26 [2 0]
27 [-177 4]
28 [2 10]
29 [2 19]
30 [2 30]
31 [2 39]
32 [4 -30]
33 [-174 -25]
34 [4 -19]
35 [-174 -15]
36 [4 -10]
37 [4 0]
38 [4 10]
39 [-174 15]
40 [4 19]
41 [-174 25]
42 [4 30]
43 [-174 34]
44 [4 49]
45 [4 60]
46 [7 -19]
47 [7 -10]
48 [-172 -4]
49 [7 0]
50 [-172 4]
51 [7 10]
52 [7 19]
53 [7 39]
54 [-172 44]
55 [7 49]
56 [7 69]
57 [9 -30]
58 [-169 -15]
59 [10 -10]
60 [10 0]
61 [10 10]
62 [-169 15]
63 [9 30]
64 [9 39]
65 [-169 55]
66 [10 60]
67 [12 -30]
68 [-167 -25]
69 [12 -19]
70 [12 -10]
71 [-167 -4]
72 [12 0]
73 [-167 4]
74 [12 10]
75 [12 19]
76 [-167 25]
77 [12 30]
78 [-167 34]
79 [12 49]
80 [-167 65]
81 [15 -30]
82 [15 -19]
83 [-164 -15]
84 [14 -10]
85 [15 0]
86 [14 10]
87 [-164 15]
88 [15 19]
89 [15 30]
90 [15 40]
91 [-164 45]
92 [14 60]
93 [15 69]
94 [15 80]
95 [17 -30]
96 [-162 -25]
97 [17 -19]
98 [17 -10]
99 [-162 -4]
100 [17 0]
101 [-162 4]
102 [17 10]
103 [17 19]
104 [-162 25]
105 [17 30]
106 [-162 34]
107 [17 39]
108 [17 49]
109 [-162 55]
110 [19 -30]
111 [19 -20]
112 [-159 -15]
113 [19 -10]
114 [19 0]
115 [19 10]
116 [-159 15]
117 [19 20]
118 [19 30]
119 [19 39]
120 [19 49]
121 [19 60]
122 [-157 -25]
123 [22 -19]
124 [-157 -4]
125 [22 0]
126 [-157 4]
127 [22 19]
128 [-157 25]
129 [-157 45]
130 [22 69]
131 [25 -30]
132 [25 -19]
133 [-154 -14]
134 [25 -10]
135 [25 0]
136 [25 10]
137 [-154 14]
138 [25 19]
139 [25 30]
140 [-155 34]
141 [25 39]
142 [25 49]
143 [25 60]
144 [-155 65]
145 [27 -30]
146 [-152 -25]
147 [27 -20]
148 [27 -10]
149 [-152 -4]
150 [27 0]
151 [-152 4]
152 [27 10]
153 [27 20]
154 [-152 25]
155 [27 30]
156 [27 39]
157 [-152 45]
158 [27 50]
159 [-152 55]
160 [29 -29]
161 [30 -19]
162 [-150 -15]
163 [30 -10]
164 [30 0]
165 [30 10]
166 [-150 15]
167 [30 19]
168 [29 29]
169 [-150 35]
170 [30 39]
171 [30 60]
172 [30 70]
173 [30 80]
174 [32 -30]
175 [32 -10]
176 [-147 -4]
177 [32 0]
178 [-147 4]
179 [32 10]
180 [32 30]
181 [32 49]
182 [34 -29]
183 [-145 -25]
184 [35 -19]
185 [35 -10]
186 [35 0]
187 [35 10]
188 [35 19]
189 [-145 25]
190 [34 29]
191 [35 39]
192 [-145 44]
193 [-145 55]
194 [34 60]
195 [37 -19]
196 [-142 -15]
197 [37 -10]
198 [-142 -4]
199 [37 0]
200 [-142 4]
201 [37 10]
202 [-142 15]
203 [37 19]
204 [-142 34]
205 [37 39]
206 [37 49]
207 [-142 65]
208 [37 70]
209 [39 -30]
210 [-140 -25]
211 [39 -19]
212 [39 -10]
213 [39 0]
214 [39 10]
215 [39 19]
216 [-140 25]
217 [39 30]
218 [39 49]
219 [39 60]
220 [42 -30]
221 [42 -19]
222 [-137 -15]
223 [42 -10]
224 [-137 -4]
225 [42 0]
226 [-137 4]
227 [42 10]
228 [-137 15]
229 [42 19]
230 [42 30]
231 [-137 35]
232 [42 39]
233 [-137 45]
234 [45 -30]
235 [-135 -25]
236 [45 -20]
237 [45 -10]
238 [45 0]
239 [45 10]
240 [45 20]
241 [-135 25]
242 [45 30]
243 [45 39]
244 [45 49]
245 [-135 55]
246 [45 60]
247 [45 69]
248 [45 80]
249 [-132 -15]
250 [-132 -4]
251 [-132 4]
252 [-132 15]
253 [49 -29]
254 [-129 -25]
255 [49 -19]
256 [49 -10]
257 [49 0]
258 [49 10]
259 [49 19]
260 [-129 25]
261 [49 29]
262 [-129 34]
263 [-129 45]
264 [-129 65]
265 [-127 -15]
266 [-127 -4]
267 [-127 4]
268 [-127 15]
269 [52 39]
270 [52 49]
271 [54 -19]
272 [54 -10]
273 [54 0]
274 [54 10]
275 [54 19]
276 [-124 35]
277 [-124 55]
278 [55 60]
279 [57 -30]
280 [-122 -25]
281 [-122 -15]
282 [-122 -4]
283 [-122 4]
284 [-122 15]
285 [-122 25]
286 [57 30]
287 [57 39]
288 [-122 45]
289 [60 -19]
290 [60 -10]
291 [60 0]
292 [60 10]
293 [60 19]
294 [60 49]
295 [60 69]
296 [62 -29]
297 [-117 -25]
298 [-117 -15]
299 [-117 -4]
300 [-117 4]
301 [-117 15]
302 [-117 25]
303 [62 29]
304 [-117 35]
305 [-117 55]
306 [-117 65]
307 [65 -10]
308 [65 0]
309 [65 10]
310 [65 39]
311 [-114 45]
312 [65 60]
313 [67 -29]
314 [-112 -25]
315 [67 -19]
316 [-112 -14]
317 [-112 14]
318 [67 19]
319 [-112 25]
320 [67 29]
321 [-112 35]
322 [69 -10]
323 [-109 -4]
324 [69 0]
325 [-109 4]
326 [69 10]
327 [-109 45]
328 [69 49]
329 [-107 -25]
330 [72 -19]
331 [-107 -15]
332 [-107 15]
333 [72 19]
334 [-107 25]
335 [-107 34]
336 [72 39]
337 [-107 55]
338 [-107 65]
339 [74 -30]
340 [74 -10]
341 [-104 -4]
342 [74 0]
343 [-104 4]
344 [74 10]
345 [74 30]
346 [74 60]
347 [74 69]
348 [74 80]
349 [77 -19]
350 [-102 -15]
351 [-102 15]
352 [77 19]
353 [77 39]
354 [-102 45]
355 [77 49]
356 [79 -30]
357 [-99 -25]
358 [79 -10]
359 [-99 -4]
360 [79 0]
361 [-99 4]
362 [79 10]
363 [-99 25]
364 [79 30]
365 [-99 35]
366 [-99 55]
367 [82 -19]
368 [-97 -15]
369 [-97 15]
370 [82 19]
371 [84 -30]
372 [-94 -25]
373 [84 -10]
374 [-94 -4]
375 [84 0]
376 [-94 4]
377 [84 10]
378 [-94 25]
379 [84 30]
380 [-94 34]
381 [84 39]
382 [-94 44]
383 [84 49]
384 [84 60]
385 [-94 65]
386 [87 -19]
387 [-92 -15]
388 [-92 15]
389 [87 19]
390 [90 -29]
391 [-89 -25]
392 [90 -19]
393 [-89 -15]
394 [90 -10]
395 [-89 -4]
396 [90 0]
397 [-89 4]
398 [90 10]
399 [-89 15]
400 [90 19]
401 [-89 25]
402 [90 29]
403 [-89 35]
404 [90 39]
405 [-89 45]
406 [90 49]
407 [-89 55]
408 [90 60]
409 [-89 65]
410 [90 69]
411 [90 80]
412 [92 -30]
413 [92 -19]
414 [-87 -15]
415 [-87 15]
416 [92 19]
417 [92 30]
418 [-87 35]
419 [-87 44]
420 [92 49]
421 [-85 -25]
422 [95 -10]
423 [-85 -4]
424 [95 0]
425 [-85 4]
426 [95 10]
427 [-85 25]
428 [95 60]
429 [97 -29]
430 [-82 -14]
431 [-82 14]
432 [97 29]
433 [-82 35]
434 [97 39]
435 [-82 65]
436 [100 -19]
437 [100 -10]
438 [-80 -4]
439 [100 0]
440 [-80 4]
441 [100 10]
442 [100 19]
443 [-80 45]
444 [100 49]
445 [-80 55]
446 [102 -30]
447 [-77 -25]
448 [-77 25]
449 [102 30]
450 [105 -19]
451 [-75 -15]
452 [104 -10]
453 [-75 -4]
454 [105 0]
455 [-75 4]
456 [104 10]
457 [-75 15]
458 [105 19]
459 [-75 35]
460 [105 40]
461 [104 60]
462 [105 69]
463 [105 80]
464 [-72 -25]
465 [-72 25]
466 [-72 45]
467 [107 49]
468 [-72 55]
469 [109 -30]
470 [109 -20]
471 [-70 -15]
472 [109 -10]
473 [-70 -4]
474 [109 0]
475 [-70 4]
476 [109 10]
477 [-70 15]
478 [109 20]
479 [109 30]
480 [-70 35]
481 [109 39]
482 [-70 65]
483 [-67 -25]
484 [-67 25]
485 [-67 45]
486 [115 -29]
487 [115 -19]
488 [-65 -15]
489 [-65 -4]
490 [115 0]
491 [-65 4]
492 [-65 15]
493 [115 19]
494 [115 29]
495 [115 60]
496 [-62 -25]
497 [117 -10]
498 [117 10]
499 [-62 25]
500 [-62 35]
501 [117 39]
502 [117 49]
503 [-62 55]
504 [120 -19]
505 [-60 -15]
506 [-60 -4]
507 [120 0]
508 [-60 4]
509 [-60 15]
510 [120 19]
511 [-60 44]
512 [120 69]
513 [122 -30]
514 [122 -10]
515 [122 10]
516 [122 30]
517 [-57 35]
518 [-57 65]
519 [-55 -25]
520 [125 -20]
521 [-55 -15]
522 [-55 -4]
523 [125 0]
524 [-55 4]
525 [-55 15]
526 [125 20]
527 [-55 25]
528 [125 39]
529 [125 50]
530 [-55 55]
531 [125 60]
532 [127 -30]
533 [127 -10]
534 [127 10]
535 [127 30]
536 [-52 45]
537 [-50 -25]
538 [-50 -15]
539 [-50 -4]
540 [130 0]
541 [-50 4]
542 [-50 15]
543 [-50 25]
544 [-50 35]
545 [130 39]
546 [132 -29]
547 [132 -19]
548 [132 -10]
549 [132 10]
550 [132 19]
551 [132 29]
552 [132 49]
553 [-45 -25]
554 [-45 -15]
555 [-45 -4]
556 [135 0]
557 [-45 4]
558 [-45 15]
559 [-45 25]
560 [-45 35]
561 [-45 45]
562 [-45 55]
563 [135 60]
564 [-45 65]
565 [135 69]
566 [135 80]
567 [-42 -25]
568 [137 -19]
569 [-42 -15]
570 [137 -10]
571 [-42 -4]
572 [-42 4]
573 [137 10]
574 [-42 15]
575 [137 19]
576 [-42 25]
577 [-42 35]
578 [137 39]
579 [139 -29]
580 [-40 -25]
581 [-40 -15]
582 [-40 -4]
583 [139 0]
584 [-40 4]
585 [-40 15]
586 [-40 25]
587 [139 29]
588 [-40 44]
589 [139 49]
590 [-40 55]
591 [-37 -25]
592 [142 -19]
593 [-37 -15]
594 [142 -10]
595 [-37 -4]
596 [-37 4]
597 [142 10]
598 [-37 15]
599 [142 19]
600 [-37 25]
601 [-37 34]
602 [-37 44]
603 [-37 65]
604 [145 -29]
605 [-35 -15]
606 [-35 -4]
607 [144 0]
608 [-35 4]
609 [-35 15]
610 [145 29]
611 [-35 34]
612 [144 39]
613 [-35 55]
614 [145 60]
615 [-32 -25]
616 [147 -19]
617 [-32 -15]
618 [147 -10]
619 [-32 -4]
620 [-32 4]
621 [147 10]
622 [-32 15]
623 [147 19]
624 [-32 25]
625 [-32 34]
626 [-32 44]
627 [147 49]
628 [-32 55]
629 [-32 65]
630 [149 -29]
631 [-30 -25]
632 [-30 -14]
633 [-30 -4]
634 [149 0]
635 [-30 4]
636 [-30 14]
637 [-30 25]
638 [149 29]
639 [-30 34]
640 [149 39]
641 [-30 44]
642 [149 69]
643 [-27 -25]
644 [152 -19]
645 [-27 -15]
646 [152 -10]
647 [-27 -4]
648 [-27 4]
649 [152 10]
650 [-27 15]
651 [152 19]
652 [-27 25]
653 [-27 55]
654 [-25 -25]
655 [-25 -15]
656 [-25 -4]
657 [154 0]
658 [-25 4]
659 [-25 15]
660 [-25 25]
661 [-25 34]
662 [-25 44]
663 [154 49]
664 [154 60]
665 [-25 65]
666 [157 -29]
667 [-22 -25]
668 [157 -19]
669 [157 -10]
670 [157 10]
671 [157 19]
672 [-22 25]
673 [157 29]
674 [-22 34]
675 [157 40]
676 [-22 44]
677 [-22 55]
678 [-20 -25]
679 [-20 -14]
680 [-20 -4]
681 [159 0]
682 [-20 4]
683 [-20 14]
684 [-20 25]
685 [-20 35]
686 [-20 65]
687 [162 -29]
688 [-17 -25]
689 [-17 -14]
690 [162 -10]
691 [-17 -4]
692 [-17 4]
693 [162 10]
694 [-17 14]
695 [-17 25]
696 [162 29]
697 [162 39]
698 [-17 44]
699 [-17 55]
700 [-15 -25]
701 [164 -19]
702 [-15 -15]
703 [-15 -4]
704 [164 0]
705 [-15 4]
706 [-15 15]
707 [164 19]
708 [-15 25]
709 [-15 34]
710 [-15 44]
711 [164 49]
712 [164 60]
713 [164 69]
714 [164 80]
715 [167 -29]
716 [-12 -14]
717 [167 -10]
718 [-12 -4]
719 [-12 4]
720 [167 10]
721 [-12 14]
722 [167 29]
723 [-12 34]
724 [-12 55]
725 [-12 65]
726 [-10 -25]
727 [169 -19]
728 [-10 -14]
729 [-10 -4]
730 [169 0]
731 [-10 4]
732 [-10 14]
733 [169 19]
734 [-10 25]
735 [-10 34]
736 [169 39]
737 [-10 44]
738 [-10 54]
739 [-7 -25]
740 [-7 -14]
741 [172 -10]
742 [-7 -4]
743 [-7 4]
744 [172 10]
745 [-7 14]
746 [-7 25]
747 [-7 35]
748 [-7 44]
749 [172 49]
750 [-7 65]
751 [174 -30]
752 [-5 -25]
753 [174 -20]
754 [-5 -15]
755 [-5 -4]
756 [174 0]
757 [-5 4]
758 [-5 15]
759 [174 20]
760 [-5 25]
761 [174 30]
762 [-5 55]
763 [174 60]
764 [-2 -25]
765 [-2 -15]
766 [177 -10]
767 [-2 -4]
768 [-2 4]
769 [177 10]
770 [-2 15]
771 [-2 25]
772 [-2 35]
773 [177 39]
774 [-2 44]
775 [-179 -29]
776 [0 -25]
777 [-179 -19]
778 [0 -15]
779 [-179 -10]
780 [0 -4]
781 [-179 0]
782 [0 4]
783 [-179 10]
784 [0 15]
785 [-179 19]
786 [0 25]
787 [-179 29]
788 [0 35]
789 [-179 39]
790 [0 45]
791 [-179 49]
792 [0 55]
793 [-179 60]
794 [0 65]
795 [-179 69]
796 [-179 80]
797 [2 -25]
798 [2 -15]
799 [-177 -10]
800 [2 -4]
801 [2 4]
802 [-177 10]
803 [2 15]
804 [2 25]
805 [2 35]
806 [-177 39]
807 [-174 -30]
808 [4 -25]
809 [-174 -19]
810 [4 -15]
811 [4 -4]
812 [-174 0]
813 [4 4]
814 [4 15]
815 [-174 19]
816 [4 25]
817 [-174 30]
818 [4 44]
819 [4 55]
820 [-174 60]
821 [7 -25]
822 [7 -14]
823 [-172 -10]
824 [7 -4]
825 [7 4]
826 [-172 10]
827 [7 14]
828 [7 25]
829 [7 35]
830 [7 44]
831 [-172 50]
832 [7 65]
833 [-169 -19]
834 [10 -15]
835 [10 -4]
836 [-169 0]
837 [10 4]
838 [10 15]
839 [-169 19]
840 [10 35]
841 [-169 39]
842 [10 55]
843 [-167 -29]
844 [12 -25]
845 [12 -14]
846 [-167 -10]
847 [12 -4]
848 [12 4]
849 [-167 10]
850 [12 14]
851 [12 25]
852 [-167 29]
853 [12 34]
854 [12 44]
855 [12 55]
856 [12 65]
857 [15 -25]
858 [-164 -19]
859 [15 -15]
860 [15 -4]
861 [-164 0]
862 [15 4]
863 [15 15]
864 [-164 19]
865 [15 25]
866 [15 35]
867 [15 45]
868 [-164 49]
869 [-164 60]
870 [-164 69]
871 [-164 80]
872 [-162 -30]
873 [17 -25]
874 [17 -14]
875 [-162 -10]
876 [17 -4]
877 [17 4]
878 [-162 10]
879 [17 14]
880 [17 25]
881 [-162 30]
882 [-162 39]
883 [17 55]
884 [19 -25]
885 [19 -15]
886 [20 -4]
887 [-159 0]
888 [20 4]
889 [19 15]
890 [19 25]
891 [19 35]
892 [19 45]
893 [19 65]
894 [-157 -29]
895 [22 -25]
896 [-157 -19]
897 [-157 -10]
898 [-157 10]
899 [-157 19]
900 [22 25]
901 [-157 29]
902 [22 35]
903 [-157 40]
904 [22 45]
905 [22 55]
906 [25 -25]
907 [25 -15]
908 [24 -4]
909 [-155 0]
910 [24 4]
911 [25 15]
912 [25 25]
913 [25 35]
914 [-155 49]
915 [-155 60]
916 [25 65]
917 [27 -25]
918 [-152 -20]
919 [27 -14]
920 [-152 -10]
921 [27 -4]
922 [27 4]
923 [-152 10]
924 [27 14]
925 [-152 20]
926 [27 25]
927 [27 45]
928 [27 55]
929 [-150 -29]
930 [30 -25]
931 [30 -15]
932 [30 -4]
933 [-150 0]
934 [30 4]
935 [30 15]
936 [30 25]
937 [-150 29]
938 [29 35]
939 [-150 39]
940 [30 45]
941 [-150 70]
942 [-147 -19]
943 [32 -15]
944 [-147 -10]
945 [32 -4]
946 [32 4]
947 [-147 10]
948 [32 15]
949 [-147 19]
950 [32 35]
951 [-147 49]
952 [32 55]
953 [32 65]
954 [-145 -29]
955 [35 -25]
956 [35 -14]
957 [35 -4]
958 [-145 0]
959 [35 4]
960 [35 14]
961 [35 25]
962 [-145 29]
963 [35 34]
964 [-145 39]
965 [35 44]
966 [35 55]
967 [-145 60]
968 [37 -25]
969 [-142 -19]
970 [37 -15]
971 [-142 -10]
972 [37 -4]
973 [37 4]
974 [-142 10]
975 [37 15]
976 [-142 19]
977 [37 25]
978 [37 35]
979 [37 45]
980 [37 65]
981 [-140 -29]
982 [39 -25]
983 [40 -15]
984 [39 -4]
985 [-140 0]
986 [39 4]
987 [40 15]
988 [39 25]
989 [-140 29]
990 [-140 49]
991 [39 55]
992 [42 -25]
993 [-137 -19]
994 [42 -15]
995 [-137 -10]
996 [42 -4]
997 [42 4]
998 [-137 10]
999 [42 15]
1000 [-137 19]
1001 [42 25]
1002 [42 35]
1003 [-137 39]
1004 [42 45]
1005 [45 -25]
1006 [45 -15]
1007 [45 -4]
1008 [-135 0]
1009 [45 4]
1010 [45 15]
1011 [45 25]
1012 [45 34]
1013 [45 45]
1014 [45 55]
1015 [-135 60]
1016 [45 65]
1017 [-135 69]
1018 [-135 80]
1019 [-132 -29]
1020 [-132 -19]
1021 [-132 -10]
1022 [-132 10]
1023 [-132 19]
1024 [-132 29]
1025 [-132 49]
1026 [50 -25]
1027 [49 -14]
1028 [49 -4]
1029 [-129 0]
1030 [49 4]
1031 [49 14]
1032 [50 25]
1033 [49 35]
1034 [-129 39]
1035 [-127 -30]
1036 [-127 -10]
1037 [-127 10]
1038 [-127 30]
1039 [52 45]
1040 [-124 -19]
1041 [54 -14]
1042 [54 -4]
1043 [-124 0]
1044 [54 4]
1045 [54 14]
1046 [-124 19]
1047 [-124 39]
1048 [-124 49]
1049 [54 55]
1050 [-124 60]
1051 [-122 -29]
1052 [57 -25]
1053 [-122 -10]
1054 [-122 10]
1055 [57 25]
1056 [-122 29]
1057 [57 34]
1058 [57 65]
1059 [-119 -19]
1060 [60 -15]
1061 [60 -4]
1062 [-119 0]
1063 [60 4]
1064 [60 15]
1065 [-119 19]
1066 [60 44]
1067 [-119 69]
1068 [62 -25]
1069 [-117 -10]
1070 [-117 10]
1071 [62 25]
1072 [62 34]
1073 [-117 39]
1074 [-117 49]
1075 [62 55]
1076 [-114 -30]
1077 [-114 -19]
1078 [65 -14]
1079 [65 -4]
1080 [-114 0]
1081 [65 4]
1082 [65 14]
1083 [-114 19]
1084 [-114 30]
1085 [-114 60]
1086 [67 -25]
1087 [67 25]
1088 [67 45]
1089 [-109 -29]
1090 [-109 -19]
1091 [69 -15]
1092 [-109 -10]
1093 [69 -4]
1094 [-109 0]
1095 [69 4]
1096 [-109 10]
1097 [69 15]
1098 [-109 19]
1099 [-109 29]
1100 [69 35]
1101 [-109 39]
1102 [69 65]
1103 [72 -25]
1104 [72 25]
1105 [72 44]
1106 [-107 49]
1107 [72 55]
1108 [-104 -19]
1109 [74 -15]
1110 [-104 -10]
1111 [74 -4]
1112 [-104 0]
1113 [74 4]
1114 [-104 10]
1115 [74 15]
1116 [-104 19]
1117 [74 35]
1118 [-104 39]
1119 [-104 60]
1120 [-104 69]
1121 [-104 80]
1122 [-102 -30]
1123 [-102 30]
1124 [79 -25]
1125 [-99 -19]
1126 [-99 -10]
1127 [79 -4]
1128 [-99 0]
1129 [79 4]
1130 [-99 10]
1131 [-99 19]
1132 [79 25]
1133 [79 45]
1134 [-99 49]
1135 [79 55]
1136 [-97 -29]
1137 [82 -15]
1138 [82 15]
1139 [-97 29]
1140 [82 35]
1141 [-97 39]
1142 [82 65]
1143 [84 -25]
1144 [-94 -10]
1145 [84 -4]
1146 [-94 0]
1147 [84 4]
1148 [-94 10]
1149 [84 25]
1150 [-94 60]
1151 [-92 -30]
1152 [-92 -19]
1153 [87 -15]
1154 [87 15]
1155 [-92 19]
1156 [-92 30]
1157 [87 34]
1158 [87 44]
1159 [-92 49]
1160 [-89 -29]
1161 [90 -25]
1162 [-89 -19]
1163 [90 -15]
1164 [-89 -10]
1165 [90 -4]
1166 [-89 0]
1167 [90 4]
1168 [-89 10]
1169 [90 15]
1170 [-89 19]
1171 [90 25]
1172 [-89 29]
1173 [90 35]
1174 [-89 39]
1175 [90 45]
1176 [-89 49]
1177 [90 55]
1178 [-89 60]
1179 [90 65]
1180 [-89 69]
1181 [-89 80]
1182 [-87 -19]
1183 [92 -15]
1184 [92 15]
1185 [-87 19]
1186 [-85 -30]
1187 [95 -25]
1188 [-85 -10]
1189 [95 -4]
1190 [-85 0]
1191 [95 4]
1192 [-85 10]
1193 [95 25]
1194 [-85 30]
1195 [95 34]
1196 [-85 39]
1197 [95 44]
1198 [-85 49]
1199 [-85 60]
1200 [95 65]
1201 [-82 -19]
1202 [97 -14]
1203 [97 14]
1204 [-82 19]
1205 [-80 -30]
1206 [-80 -10]
1207 [100 -4]
1208 [-80 0]
1209 [100 4]
1210 [-80 10]
1211 [-80 30]
1212 [100 35]
1213 [100 55]
1214 [102 -25]
1215 [-77 -19]
1216 [102 -14]
1217 [102 14]
1218 [-77 19]
1219 [102 25]
1220 [-77 39]
1221 [102 44]
1222 [-77 49]
1223 [-75 -30]
1224 [-75 -10]
1225 [105 -4]
1226 [-75 0]
1227 [105 4]
1228 [-75 10]
1229 [-75 30]
1230 [-75 60]
1231 [-75 69]
1232 [-75 80]
1233 [107 -25]
1234 [-72 -19]
1235 [107 -14]
1236 [107 14]
1237 [-72 19]
1238 [107 25]
1239 [107 35]
1240 [-72 39]
1241 [107 55]
1242 [107 65]
1243 [-70 -10]
1244 [110 -4]
1245 [-70 0]
1246 [110 4]
1247 [-70 10]
1248 [109 45]
1249 [-70 49]
1250 [-67 -30]
1251 [112 -25]
1252 [-67 -19]
1253 [112 -14]
1254 [112 14]
1255 [-67 19]
1256 [112 25]
1257 [-67 30]
1258 [112 34]
1259 [-65 -10]
1260 [-65 0]
1261 [-65 10]
1262 [-65 39]
1263 [115 45]
1264 [-65 60]
1265 [-62 -30]
1266 [117 -25]
1267 [117 -14]
1268 [117 -4]
1269 [117 4]
1270 [117 14]
1271 [117 25]
1272 [-62 30]
1273 [117 35]
1274 [117 55]
1275 [117 65]
1276 [-60 -19]
1277 [-60 -10]
1278 [-60 0]
1279 [-60 10]
1280 [-60 19]
1281 [-60 49]
1282 [-60 69]
1283 [-57 -29]
1284 [122 -15]
1285 [122 -4]
1286 [122 4]
1287 [122 15]
1288 [-57 29]
1289 [-57 39]
1290 [122 45]
1291 [125 -25]
1292 [-55 -19]
1293 [-55 -10]
1294 [-55 0]
1295 [-55 10]
1296 [-55 19]
1297 [125 25]
1298 [125 35]
1299 [125 55]
1300 [-55 60]
1301 [127 -15]
1302 [127 -4]
1303 [127 4]
1304 [127 15]
1305 [-52 39]
1306 [-52 49]
1307 [-50 -29]
1308 [129 -25]
1309 [-50 -19]
1310 [-50 -10]
1311 [-50 0]
1312 [-50 10]
1313 [-50 19]
1314 [129 25]
1315 [-50 29]
1316 [130 35]
1317 [130 44]
1318 [130 65]
1319 [132 -14]
1320 [132 -4]
1321 [132 4]
1322 [132 14]
1323 [-45 -29]
1324 [135 -25]
1325 [-45 -19]
1326 [-45 -10]
1327 [-45 0]
1328 [-45 10]
1329 [-45 19]
1330 [135 25]
1331 [-45 29]
1332 [-45 40]
1333 [-45 49]
1334 [135 55]
1335 [-45 60]
1336 [-45 69]
1337 [-45 80]
1338 [-42 -29]
1339 [-42 -19]
1340 [137 -14]
1341 [-42 -10]
1342 [137 -4]
1343 [-42 0]
1344 [137 4]
1345 [-42 10]
1346 [137 14]
1347 [-42 19]
1348 [-42 29]
1349 [137 35]
1350 [-42 39]
1351 [137 44]
1352 [-40 -30]
1353 [140 -25]
1354 [-40 -19]
1355 [-40 -10]
1356 [-40 0]
1357 [-40 10]
1358 [-40 19]
1359 [140 25]
1360 [-40 30]
1361 [-40 49]
1362 [-40 60]
1363 [-37 -19]
1364 [142 -15]
1365 [-37 -10]
1366 [142 -4]
1367 [-37 0]
1368 [142 4]
1369 [-37 10]
1370 [142 15]
1371 [-37 19]
1372 [142 35]
1373 [-37 39]
1374 [-37 49]
1375 [142 65]
1376 [-37 69]
1377 [-35 -30]
1378 [-35 -10]
1379 [-35 0]
1380 [-35 10]
1381 [-35 30]
1382 [-35 39]
1383 [144 44]
1384 [144 55]
1385 [-35 60]
1386 [-32 -30]
1387 [147 -25]
1388 [-32 -19]
1389 [-32 -10]
1390 [147 -4]
1391 [-32 0]
1392 [147 4]
1393 [-32 10]
1394 [-32 19]
1395 [147 25]
1396 [-32 30]
1397 [-32 49]
1398 [-30 -29]
1399 [-30 -19]
1400 [149 -14]
1401 [-30 -10]
1402 [-30 0]
1403 [-30 10]
1404 [149 14]
1405 [-30 19]
1406 [-30 29]
1407 [149 34]
1408 [-30 39]
1409 [-30 60]
1410 [-30 69]
1411 [-30 80]
1412 [-27 -29]
1413 [152 -25]
1414 [-27 -19]
1415 [-27 -10]
1416 [152 -4]
1417 [-27 0]
1418 [152 4]
1419 [-27 10]
1420 [-27 19]
1421 [152 25]
1422 [-27 29]
1423 [-27 39]
1424 [152 45]
1425 [-27 49]
1426 [152 55]
1427 [-25 -30]
1428 [-25 -19]
1429 [154 -15]
1430 [-25 -10]
1431 [-25 0]
1432 [-25 10]
1433 [154 15]
1434 [-25 19]
1435 [-25 30]
1436 [154 35]
1437 [-25 39]
1438 [-25 49]
1439 [-25 60]
1440 [154 65]
1441 [157 -25]
1442 [-22 -19]
1443 [157 -4]
1444 [-22 0]
1445 [157 4]
1446 [-22 19]
1447 [157 25]
1448 [157 45]
1449 [-22 69]
1450 [-20 -30]
1451 [-20 -19]
1452 [159 -14]
1453 [-20 -10]
1454 [-20 0]
1455 [-20 10]
1456 [159 14]
1457 [-20 19]
1458 [-20 30]
1459 [-20 39]
1460 [-20 49]
1461 [-20 60]
1462 [-17 -30]
1463 [162 -25]
1464 [-17 -19]
1465 [-17 -10]
1466 [162 -4]
1467 [-17 0]
1468 [162 4]
1469 [-17 10]
1470 [-17 19]
1471 [162 25]
1472 [-17 30]
1473 [162 34]
1474 [-17 39]
1475 [-17 49]
1476 [162 55]
1477 [-15 -30]
1478 [-15 -19]
1479 [164 -15]
1480 [-15 -10]
1481 [-15 0]
1482 [-15 10]
1483 [164 15]
1484 [-15 19]
1485 [-15 30]
1486 [-15 39]
1487 [164 45]
1488 [-15 60]
1489 [-15 69]
1490 [-15 80]
1491 [-12 -29]
1492 [-12 -10]
1493 [167 -4]
1494 [-12 0]
1495 [167 4]
1496 [-12 10]
1497 [-12 29]
1498 [167 34]
1499 [-12 49]
1500 [167 65]
1501 [-10 -29]
1502 [169 -25]
1503 [-10 -19]
1504 [169 -15]
1505 [-10 -10]
1506 [-10 0]
1507 [-10 10]
1508 [169 15]
1509 [-10 19]
1510 [169 25]
1511 [-10 29]
1512 [-10 39]
1513 [169 55]
1514 [-10 60]
1515 [-7 -19]
1516 [-7 -10]
1517 [172 -4]
1518 [-7 0]
1519 [172 4]
1520 [-7 10]
1521 [-7 19]
1522 [-7 39]
1523 [172 44]
1524 [-7 49]
1525 [-7 69]
1526 [-5 -30]
1527 [174 -25]
1528 [-5 -19]
1529 [174 -15]
1530 [-5 -10]
1531 [-5 0]
1532 [-5 10]
1533 [174 15]
1534 [-5 19]
1535 [174 25]
1536 [-5 30]
1537 [174 35]
1538 [-5 49]
1539 [-5 60]
1540 [-2 -30]
1541 [-2 -19]
1542 [-2 -10]
1543 [177 -4]
1544 [-2 0]
1545 [177 4]
1546 [-2 10]
1547 [-2 19]
1548 [-2 30]
1549 [-2 39]
